 0.00000000e+00
 1.28222094e+00
 1.79343486e+00
 1.13061620e+00
 -5.26565245e-01
 -2.44682456e+00
 -3.61876203e+00
 -3.16043801e+00
 -7.06563029e-01
 3.38328592e+00
 8.08682587e+00
 1.20408572e+01
 1.40116406e+01
 1.33428895e+01
 1.02142752e+01
 5.61034681e+00
 1.00523922e+00
 -2.12691223e+00
 -2.80155760e+00
 -8.39024068e-01
 3.10440388e+00
 7.79498973e+00
 1.18695372e+01
 1.43057672e+01
 1.47441072e+01
 1.35498520e+01
 1.16049469e+01
 9.92079791e+00
 9.22869692e+00
 9.70832124e+00
 1.09566534e+01
 1.22026952e+01
 1.26754487e+01
 1.19718985e+01
 1.02717246e+01
 8.30622317e+00
 7.08680544e+00
 7.49542325e+00
 9.89737886e+00
 1.39331086e+01
 1.85803434e+01
 2.24758981e+01
 2.43860484e+01
 2.36545233e+01
 2.04610103e+01
 1.57900749e+01
 1.11158694e+01
 7.91254675e+00
 7.16467521e+00
 9.05194637e+00
 1.29180950e+01
 1.75294044e+01
 2.15226986e+01
 2.38757194e+01
 2.42289155e+01
 2.29476035e+01
 2.09137509e+01
 1.91387867e+01
 1.83540258e+01
 1.87391693e+01
 1.98912240e+01
 2.10392161e+01
 2.14121729e+01
 2.06071043e+01
 1.88037165e+01
 1.67333318e+01
 1.54073883e+01
 1.57078650e+01
 1.80000917e+01
 2.19245328e+01
 2.64589475e+01
 3.02401795e+01
 3.20345335e+01
 3.11857681e+01
 2.78736005e+01
 2.30826265e+01
 1.82870289e+01
 1.49609916e+01
 1.40891139e+01
 1.58511189e+01
 1.95907732e+01
 2.40743923e+01
 2.79388324e+01
 3.01618681e+01
 3.03839811e+01
 2.89705211e+01
 2.68034891e+01
 2.48943477e+01
 2.39744458e+01
 2.42235188e+01
 2.52386075e+01
 2.62487730e+01
 2.64830773e+01
 2.55385652e+01
 2.35949780e+01
 2.13836734e+01
 1.99161249e+01
 2.00743472e+01
 2.22237058e+01
 2.60047009e+01
 3.03951278e+01
 3.40318663e+01
 3.56812573e+01
 3.46870956e+01
 3.12291349e+01
 2.62920074e+01
 2.13499324e+01
 1.78771304e+01
 1.68582373e+01
 1.84730128e+01
 2.20652603e+01
 2.64013316e+01
 3.01181200e+01
 3.21934364e+01
 3.22677993e+01
 3.07065950e+01
 2.83918611e+01
 2.63350966e+01
 2.52676870e+01
 2.53694039e+01
 2.62373247e+01
 2.71005464e+01
 2.71881673e+01
 2.60972682e+01
 2.40076264e+01
 2.16506351e+01
 2.00378036e+01
 2.00511821e+01
 2.20561714e+01
 2.56933069e+01
 2.99404188e+01
 3.34344217e+01
 3.49416913e+01
 3.38060566e+01
 3.02073056e+01
 2.51301044e+01
 2.00487061e+01
 1.64373647e+01
 1.52807492e+01
 1.67586525e+01
 2.02149104e+01
 2.44159076e+01
 2.79985693e+01
 2.99407383e+01
 2.98829647e+01
 2.81906659e+01
 2.57459106e+01
 2.35602285e+01
 2.23650351e+01
 2.23401322e+01
 2.30826265e+01
 2.38216445e+01
 2.37863133e+01
 2.25737420e+01
 2.03637361e+01
 1.78877166e+01
 1.61572201e+01
 1.60543235e+01
 1.79444543e+01
 2.14681739e+01
 2.56033382e+01
 2.89868870e+01
 3.03852207e+01
 2.91421928e+01
 2.54376150e+01
 2.02561771e+01
 1.50721548e+01
 1.13598248e+01
 1.01038781e+01
 1.14841292e+01
 1.48444349e+01
 1.89512004e+01
 2.24413709e+01
 2.42928090e+01
 2.41460836e+01
 2.23666308e+01
 1.98365372e+01
 1.75673500e+01
 1.62905019e+01
 1.61858107e+01
 1.68503994e+01
 1.75134097e+01
 1.74039834e+01
 1.61192442e+01
 1.38390109e+01
 1.12947180e+01
 9.49791457e+00
 9.33068961e+00
 1.11584820e+01
 1.46218642e+01
 1.86987025e+01
 2.20259462e+01
 2.33700052e+01
 2.20747414e+01
 1.83199748e+01
 1.30904024e+01
 7.86030714e+00
 4.10397171e+00
 2.80609309e+00
 4.14649067e+00
 7.46902605e+00
 1.15401082e+01
 1.49966859e+01
 1.68166244e+01
 1.66404949e+01
 1.48337351e+01
 1.22784326e+01
 9.98613502e+00
 8.68827495e+00
 8.56466959e+00
 9.21244047e+00
 9.86072740e+00
 9.73866980e+00
 8.44338814e+00
 6.15469780e+00
 3.60402884e+00
 1.80292556e+00
 1.63347165e+00
 3.46110004e+00
 6.92637656e+00
 1.10071604e+01
 1.43403933e+01
 1.56924768e+01
 1.44072642e+01
 1.06645658e+01
 5.44906896e+00
 2.35046031e-01
 -3.50323126e+00
 -4.78107754e+00
 -3.41868551e+00
 -7.22062364e-02
 4.02475613e+00
 7.50913651e+00
 9.35878600e+00
 9.21426108e+00
 7.44098410e+00
 4.92102692e+00
 2.66592083e+00
 1.40708159e+00
 1.32430911e+00
 2.01470715e+00
 2.70739720e+00
 2.63149994e+00
 1.38411659e+00
 -8.54957169e-01
 -3.35431147e+00
 -5.10242261e+00
 -5.21722802e+00
 -3.33331627e+00
 1.89856477e-01
 4.33012702e+00
 7.72441433e+00
 9.13909661e+00
 7.91800352e+00
 4.24092142e+00
 -9.07486904e-01
 -6.05297393e+00
 -9.72129314e+00
 -1.09277848e+01
 -9.49266751e+00
 -6.07211872e+00
 -1.89976928e+00
 1.66128874e+00
 3.58887906e+00
 3.52353046e+00
 1.83063729e+00
 -6.07756921e-01
 -2.78014951e+00
 -3.95515363e+00
 -3.95299859e+00
 -3.17661012e+00
 -2.39689646e+00
 -2.38476697e+00
 -3.54315067e+00
 -5.69228242e+00
 -8.10078307e+00
 -9.75715990e+00
 -9.77938151e+00
 -7.80206787e+00
 -4.18470672e+00
 5.05069613e-02
 3.54046019e+00
 5.05149905e+00
 3.92742091e+00
 3.47979709e-01
 -4.70219434e+00
 -9.74888642e+00
 -1.33178829e+01
 -1.44245568e+01
 -1.28891600e+01
 -9.36790295e+00
 -5.09444974e+00
 -1.43192574e+00
 5.97459413e-01
 6.34201089e-01
 -9.56339820e-01
 -3.29215327e+00
 -5.36177012e+00
 -6.43383705e+00
 -6.32861691e+00
 -5.44906896e+00
 -4.56613497e+00
 -4.45075778e+00
 -5.50589990e+00
 -7.55182958e+00
 -9.85720105e+00
 -1.14105549e+01
 -1.13298930e+01
 -9.24986838e+00
 -5.53000191e+00
 -1.19252153e+00
 2.39942695e+00
 4.01215687e+00
 2.98943301e+00
 -4.89023177e-01
 -5.43861377e+00
 -1.03851561e+01
 -1.38544685e+01
 -1.48619560e+01
 -1.32279019e+01
 -9.60854810e+00
 -5.23758998e+00
 -1.47818392e+00
 6.47429647e-01
 7.79715527e-01
 -7.15995717e-01
 -2.95772412e+00
 -4.93403037e+00
 -5.91359071e+00
 -5.71669726e+00
 -4.74633830e+00
 -3.77348430e+00
 -3.56910652e+00
 -4.53619558e+00
 -6.49504751e+00
 -8.71434402e+00
 -1.01826528e+01
 -1.00180026e+01
 -7.85507285e+00
 -4.05341051e+00
 3.64730734e-01
 4.03617970e+00
 5.72722475e+00
 4.78160604e+00
 1.37902083e+00
 -3.49595680e+00
 -8.36916761e+00
 -1.17664529e+01
 -1.27032402e+01
 -1.09998351e+01
 -7.31250130e+00
 -2.87495529e+00
 9.49625625e-01
 3.13898062e+00
 3.33355456e+00
 1.89865852e+00
 -2.83746553e-01
 -2.20223989e+00
 -3.12551579e+00
 -2.87388397e+00
 -1.85034980e+00
 -8.25900364e-01
 -5.71523019e-01
 -1.49022398e+00
 -3.40231440e+00
 -5.57649057e+00
 -7.00133428e+00
 -6.79488770e+00
 -4.59184346e+00
 -7.51760950e-01
 3.70309417e+00
 7.40953928e+00
 9.13385182e+00
 8.21976161e+00
 4.84695606e+00
 3.41154513e-13
 -4.84695606e+00
 -8.21976161e+00
 -9.13385182e+00
 -7.40953928e+00
 -3.70309417e+00
 7.51760950e-01
 4.59184346e+00
 6.79488770e+00
 7.00133428e+00
 5.57649057e+00
 3.40231440e+00
 1.49022398e+00
 5.71523019e-01
 8.25900364e-01
 1.85034980e+00
 2.87388397e+00
 3.12551579e+00
 2.20223989e+00
 2.83746553e-01
 -1.89865852e+00
 -3.33355456e+00
 -3.13898062e+00
 -9.49625625e-01
 2.87495529e+00
 7.31250130e+00
 1.09998351e+01
 1.27032402e+01
 1.17664529e+01
 8.36916761e+00
 3.49595680e+00
 -1.37902083e+00
 -4.78160604e+00
 -5.72722475e+00
 -4.03617970e+00
 -3.64730734e-01
 4.05341051e+00
 7.85507285e+00
 1.00180026e+01
 1.01826528e+01
 8.71434402e+00
 6.49504751e+00
 4.53619558e+00
 3.56910652e+00
 3.77348430e+00
 4.74633830e+00
 5.71669726e+00
 5.91359071e+00
 4.93403037e+00
 2.95772412e+00
 7.15995717e-01
 -7.79715527e-01
 -6.47429647e-01
 1.47818392e+00
 5.23758998e+00
 9.60854810e+00
 1.32279019e+01
 1.48619560e+01
 1.38544685e+01
 1.03851561e+01
 5.43861377e+00
 4.89023177e-01
 -2.98943301e+00
 -4.01215687e+00
 -2.39942695e+00
 1.19252153e+00
 5.53000191e+00
 9.24986838e+00
 1.13298930e+01
 1.14105549e+01
 9.85720105e+00
 7.55182958e+00
 5.50589990e+00
 4.45075778e+00
 4.56613497e+00
 5.44906896e+00
 6.32861691e+00
 6.43383705e+00
 5.36177012e+00
 3.29215327e+00
 9.56339820e-01
 -6.34201089e-01
 -5.97459413e-01
 1.43192574e+00
 5.09444974e+00
 9.36790295e+00
 1.28891600e+01
 1.44245568e+01
 1.33178829e+01
 9.74888642e+00
 4.70219434e+00
 -3.47979709e-01
 -3.92742091e+00
 -5.05149905e+00
 -3.54046019e+00
 -5.05069613e-02
 4.18470672e+00
 7.80206787e+00
 9.77938151e+00
 9.75715990e+00
 8.10078307e+00
 5.69228242e+00
 3.54315067e+00
 2.38476697e+00
 2.39689646e+00
 3.17661012e+00
 3.95299859e+00
 3.95515363e+00
 2.78014951e+00
 6.07756921e-01
 -1.83063729e+00
 -3.52353046e+00
 -3.58887906e+00
 -1.66128874e+00
 1.89976928e+00
 6.07211872e+00
 9.49266751e+00
 1.09277848e+01
 9.72129314e+00
 6.05297393e+00
 9.07486904e-01
 -4.24092142e+00
 -7.91800352e+00
 -9.13909661e+00
 -7.72441433e+00
 -4.33012702e+00
 -1.89856477e-01
 3.33331627e+00
 5.21722802e+00
 5.10242261e+00
 3.35431147e+00
 8.54957169e-01
 -1.38411659e+00
 -2.63149994e+00
 -2.70739720e+00
 -2.01470715e+00
 -1.32430911e+00
 -1.40708159e+00
 -2.66592083e+00
 -4.92102692e+00
 -7.44098410e+00
 -9.21426108e+00
 -9.35878600e+00
 -7.50913651e+00
 -4.02475613e+00
 7.22062364e-02
 3.41868551e+00
 4.78107754e+00
 3.50323126e+00
 -2.35046031e-01
 -5.44906896e+00
 -1.06645658e+01
 -1.44072642e+01
 -1.56924768e+01
 -1.43403933e+01
 -1.10071604e+01
 -6.92637656e+00
 -3.46110004e+00
 -1.63347165e+00
 -1.80292556e+00
 -3.60402884e+00
 -6.15469780e+00
 -8.44338814e+00
 -9.73866980e+00
 -9.86072740e+00
 -9.21244047e+00
 -8.56466959e+00
 -8.68827495e+00
 -9.98613502e+00
 -1.22784326e+01
 -1.48337351e+01
 -1.66404949e+01
 -1.68166244e+01
 -1.49966859e+01
 -1.15401082e+01
 -7.46902605e+00
 -4.14649067e+00
 -2.80609309e+00
 -4.10397171e+00
 -7.86030714e+00
 -1.30904024e+01
 -1.83199748e+01
 -2.20747414e+01
 -2.33700052e+01
 -2.20259462e+01
 -1.86987025e+01
 -1.46218642e+01
 -1.11584820e+01
 -9.33068961e+00
 -9.49791457e+00
 -1.12947180e+01
 -1.38390109e+01
 -1.61192442e+01
 -1.74039834e+01
 -1.75134097e+01
 -1.68503994e+01
 -1.61858107e+01
 -1.62905019e+01
 -1.75673500e+01
 -1.98365372e+01
 -2.23666308e+01
 -2.41460836e+01
 -2.42928090e+01
 -2.24413709e+01
 -1.89512004e+01
 -1.48444349e+01
 -1.14841292e+01
 -1.01038781e+01
 -1.13598248e+01
 -1.50721548e+01
 -2.02561771e+01
 -2.54376150e+01
 -2.91421928e+01
 -3.03852207e+01
 -2.89868870e+01
 -2.56033382e+01
 -2.14681739e+01
 -1.79444543e+01
 -1.60543235e+01
 -1.61572201e+01
 -1.78877166e+01
 -2.03637361e+01
 -2.25737420e+01
 -2.37863133e+01
 -2.38216445e+01
 -2.30826265e+01
 -2.23401322e+01
 -2.23650351e+01
 -2.35602285e+01
 -2.57459106e+01
 -2.81906659e+01
 -2.98829647e+01
 -2.99407383e+01
 -2.79985693e+01
 -2.44159076e+01
 -2.02149104e+01
 -1.67586525e+01
 -1.52807492e+01
 -1.64373647e+01
 -2.00487061e+01
 -2.51301044e+01
 -3.02073056e+01
 -3.38060566e+01
 -3.49416913e+01
 -3.34344217e+01
 -2.99404188e+01
 -2.56933069e+01
 -2.20561714e+01
 -2.00511821e+01
 -2.00378036e+01
 -2.16506351e+01
 -2.40076264e+01
 -2.60972682e+01
 -2.71881673e+01
 -2.71005464e+01
 -2.62373247e+01
 -2.53694039e+01
 -2.52676870e+01
 -2.63350966e+01
 -2.83918611e+01
 -3.07065950e+01
 -3.22677993e+01
 -3.21934364e+01
 -3.01181200e+01
 -2.64013316e+01
 -2.20652603e+01
 -1.84730128e+01
 -1.68582373e+01
 -1.78771304e+01
 -2.13499324e+01
 -2.62920074e+01
 -3.12291349e+01
 -3.46870956e+01
 -3.56812573e+01
 -3.40318663e+01
 -3.03951278e+01
 -2.60047009e+01
 -2.22237058e+01
 -2.00743472e+01
 -1.99161249e+01
 -2.13836734e+01
 -2.35949780e+01
 -2.55385652e+01
 -2.64830773e+01
 -2.62487730e+01
 -2.52386075e+01
 -2.42235188e+01
 -2.39744458e+01
 -2.48943477e+01
 -2.68034891e+01
 -2.89705211e+01
 -3.03839811e+01
 -3.01618681e+01
 -2.79388324e+01
 -2.40743923e+01
 -1.95907732e+01
 -1.58511189e+01
 -1.40891139e+01
 -1.49609916e+01
 -1.82870289e+01
 -2.30826265e+01
 -2.78736005e+01
 -3.11857681e+01
 -3.20345335e+01
 -3.02401795e+01
 -2.64589475e+01
 -2.19245328e+01
 -1.80000917e+01
 -1.57078650e+01
 -1.54073883e+01
 -1.67333318e+01
 -1.88037165e+01
 -2.06071043e+01
 -2.14121729e+01
 -2.10392161e+01
 -1.98912240e+01
 -1.87391693e+01
 -1.83540258e+01
 -1.91387867e+01
 -2.09137509e+01
 -2.29476035e+01
 -2.42289155e+01
 -2.38757194e+01
 -2.15226986e+01
 -1.75294044e+01
 -1.29180950e+01
 -9.05194637e+00
 -7.16467521e+00
 -7.91254675e+00
 -1.11158694e+01
 -1.57900749e+01
 -2.04610103e+01
 -2.36545233e+01
 -2.43860484e+01
 -2.24758981e+01
 -1.85803434e+01
 -1.39331086e+01
 -9.89737886e+00
 -7.49542325e+00
 -7.08680544e+00
 -8.30622317e+00
 -1.02717246e+01
 -1.19718985e+01
 -1.26754487e+01
 -1.22026952e+01
 -1.09566534e+01
 -9.70832124e+00
 -9.22869692e+00
 -9.92079791e+00
 -1.16049469e+01
 -1.35498520e+01
 -1.47441072e+01
 -1.43057672e+01
 -1.18695372e+01
 -7.79498973e+00
 -3.10440388e+00
 8.39024068e-01
 2.80155760e+00
 2.12691223e+00
 -1.00523922e+00
 -5.61034681e+00
 -1.02142752e+01
 -1.33428895e+01
 -1.40116406e+01
 -1.20408572e+01
 -8.08682587e+00
 -3.38328592e+00
 7.06563029e-01
 3.16043801e+00
 3.61876203e+00
 2.44682456e+00
 5.26565245e-01
 -1.13061620e+00
 -1.79343486e+00
 -1.28222094e+00
 -1.48218026e-13
 1.28222094e+00
 1.79343486e+00
 1.13061620e+00
 -5.26565245e-01
 -2.44682456e+00
 -3.61876203e+00
 -3.16043801e+00
 -7.06563029e-01
 3.38328592e+00
 8.08682587e+00
 1.20408572e+01
 1.40116406e+01
 1.33428895e+01
 1.02142752e+01
 5.61034681e+00
 1.00523922e+00
 -2.12691223e+00
 -2.80155760e+00
 -8.39024068e-01
 3.10440388e+00
 7.79498973e+00
 1.18695372e+01
 1.43057672e+01
 1.47441072e+01
 1.35498520e+01
 1.16049469e+01
 9.92079791e+00
 9.22869692e+00
 9.70832124e+00
 1.09566534e+01
 1.22026952e+01
 1.26754487e+01
 1.19718985e+01
 1.02717246e+01
 8.30622317e+00
 7.08680544e+00
 7.49542325e+00
 9.89737886e+00
 1.39331086e+01
 1.85803434e+01
 2.24758981e+01
 2.43860484e+01
 2.36545233e+01
 2.04610103e+01
 1.57900749e+01
 1.11158694e+01
 7.91254675e+00
 7.16467521e+00
 9.05194637e+00
 1.29180950e+01
 1.75294044e+01
 2.15226986e+01
 2.38757194e+01
 2.42289155e+01
 2.29476035e+01
 2.09137509e+01
 1.91387867e+01
 1.83540258e+01
 1.87391693e+01
 1.98912240e+01
 2.10392161e+01
 2.14121729e+01
 2.06071043e+01
 1.88037165e+01
 1.67333318e+01
 1.54073883e+01
 1.57078650e+01
 1.80000917e+01
 2.19245328e+01
 2.64589475e+01
 3.02401795e+01
 3.20345335e+01
 3.11857681e+01
 2.78736005e+01
 2.30826265e+01
 1.82870289e+01
 1.49609916e+01
 1.40891139e+01
 1.58511189e+01
 1.95907732e+01
 2.40743923e+01
 2.79388324e+01
 3.01618681e+01
 3.03839811e+01
 2.89705211e+01
 2.68034891e+01
 2.48943477e+01
 2.39744458e+01
 2.42235188e+01
 2.52386075e+01
 2.62487730e+01
 2.64830773e+01
 2.55385652e+01
 2.35949780e+01
 2.13836734e+01
 1.99161249e+01
 2.00743472e+01
 2.22237058e+01
 2.60047009e+01
 3.03951278e+01
 3.40318663e+01
 3.56812573e+01
 3.46870956e+01
 3.12291349e+01
 2.62920074e+01
 2.13499324e+01
 1.78771304e+01
 1.68582373e+01
 1.84730128e+01
 2.20652603e+01
 2.64013316e+01
 3.01181200e+01
 3.21934364e+01
 3.22677993e+01
 3.07065950e+01
 2.83918611e+01
 2.63350966e+01
 2.52676870e+01
 2.53694039e+01
 2.62373247e+01
 2.71005464e+01
 2.71881673e+01
 2.60972682e+01
 2.40076264e+01
 2.16506351e+01
 2.00378036e+01
 2.00511821e+01
 2.20561714e+01
 2.56933069e+01
 2.99404188e+01
 3.34344217e+01
 3.49416913e+01
 3.38060566e+01
 3.02073056e+01
 2.51301044e+01
 2.00487061e+01
 1.64373647e+01
 1.52807492e+01
 1.67586525e+01
 2.02149104e+01
 2.44159076e+01
 2.79985693e+01
 2.99407383e+01
 2.98829647e+01
 2.81906659e+01
 2.57459106e+01
 2.35602285e+01
 2.23650351e+01
 2.23401322e+01
 2.30826265e+01
 2.38216445e+01
 2.37863133e+01
 2.25737420e+01
 2.03637361e+01
 1.78877166e+01
 1.61572201e+01
 1.60543235e+01
 1.79444543e+01
 2.14681739e+01
 2.56033382e+01
 2.89868870e+01
 3.03852207e+01
 2.91421928e+01
 2.54376150e+01
 2.02561771e+01
 1.50721548e+01
 1.13598248e+01
 1.01038781e+01
 1.14841292e+01
 1.48444349e+01
 1.89512004e+01
 2.24413709e+01
 2.42928090e+01
 2.41460836e+01
 2.23666308e+01
 1.98365372e+01
 1.75673500e+01
 1.62905019e+01
 1.61858107e+01
 1.68503994e+01
 1.75134097e+01
 1.74039834e+01
 1.61192442e+01
 1.38390109e+01
 1.12947180e+01
 9.49791457e+00
 9.33068961e+00
 1.11584820e+01
 1.46218642e+01
 1.86987025e+01
 2.20259462e+01
 2.33700052e+01
 2.20747414e+01
 1.83199748e+01
 1.30904024e+01
 7.86030714e+00
 4.10397171e+00
 2.80609309e+00
 4.14649067e+00
 7.46902605e+00
 1.15401082e+01
 1.49966859e+01
 1.68166244e+01
 1.66404949e+01
 1.48337351e+01
 1.22784326e+01
 9.98613502e+00
 8.68827495e+00
 8.56466959e+00
 9.21244047e+00
 9.86072740e+00
 9.73866980e+00
 8.44338814e+00
 6.15469780e+00
 3.60402884e+00
 1.80292556e+00
 1.63347165e+00
 3.46110004e+00
 6.92637656e+00
 1.10071604e+01
 1.43403933e+01
 1.56924768e+01
 1.44072642e+01
 1.06645658e+01
 5.44906896e+00
 2.35046031e-01
 -3.50323126e+00
 -4.78107754e+00
 -3.41868551e+00
 -7.22062364e-02
 4.02475613e+00
 7.50913651e+00
 9.35878600e+00
 9.21426108e+00
 7.44098410e+00
 4.92102692e+00
 2.66592083e+00
 1.40708159e+00
 1.32430911e+00
 2.01470715e+00
 2.70739720e+00
 2.63149994e+00
 1.38411659e+00
 -8.54957169e-01
 -3.35431147e+00
 -5.10242261e+00
 -5.21722802e+00
 -3.33331627e+00
 1.89856477e-01
 4.33012702e+00
 7.72441433e+00
 9.13909661e+00
 7.91800352e+00
 4.24092142e+00
 -9.07486904e-01
 -6.05297393e+00
 -9.72129314e+00
 -1.09277848e+01
 -9.49266751e+00
 -6.07211872e+00
 -1.89976928e+00
 1.66128874e+00
 3.58887906e+00
 3.52353046e+00
 1.83063729e+00
 -6.07756921e-01
 -2.78014951e+00
 -3.95515363e+00
 -3.95299859e+00
 -3.17661012e+00
 -2.39689646e+00
 -2.38476697e+00
 -3.54315067e+00