 0.00000000e+00
 2.96244551e+00
 4.96635253e+00
 5.40213137e+00
 4.22648554e+00
 1.96665144e+00
 -4.88881918e-01
 -2.23246182e+00
 -2.68123666e+00
 -1.79188016e+00
 -6.48310424e-02
 1.66236701e+00
 2.55217029e+00
 2.10413997e+00
 3.61602160e-01
 -2.09259176e+00
 -4.35078938e+00
 -5.52450205e+00
 -5.08649381e+00
 -3.08006163e+00
 -1.14795777e-01
 2.85076463e+00
 4.85808042e+00
 5.29756112e+00
 4.12590943e+00
 1.87036085e+00
 -5.80596552e-01
 -2.31931110e+00
 -2.76293226e+00
 -1.86813492e+00
 -1.35359016e-01
 1.59785050e+00
 2.49394857e+00
 2.05249496e+00
 3.16814307e-01
 -2.13024354e+00
 -4.38102777e+00
 -5.54705139e+00
 -5.10108016e+00
 -3.08641283e+00
 -1.12641536e-01
 2.86169272e+00
 4.87804880e+00
 5.32683419e+00
 4.16474952e+00
 1.91902813e+00
 -5.21844119e-01
 -2.25021781e+00
 -2.68324474e+00
 -1.77760218e+00
 -3.37324855e-02
 1.71081687e+00
 2.61849829e+00
 2.18886893e+00
 4.65250753e-01
 -1.96950910e+00
 -4.20776260e+00
 -5.36102558e+00
 -4.90206669e+00
 -2.87418760e+00
 1.13016564e-01
 3.10100175e+00
 5.13122374e+00
 5.59408688e+00
 4.44628859e+00
 2.21505899e+00
 -2.11119362e-01
 -1.92460038e+00
 -2.34253924e+00
 -1.42161665e+00
 3.37721541e-01
 2.09792436e+00
 3.02144061e+00
 2.60782387e+00
 9.00392424e-01
 -1.51801029e+00
 -3.73973997e+00
 -4.87631624e+00
 -4.40051158e+00
 -2.35563152e+00
 6.48724906e-01
 3.65400972e+00
 5.70167470e+00
 6.18212018e+00
 5.05203955e+00
 2.83865882e+00
 4.30456425e-01
 -1.26492570e+00
 -1.66464693e+00
 -7.25392182e-01
 1.05238843e+00
 2.83113965e+00
 3.77330597e+00
 3.37843661e+00
 1.68984551e+00
 -7.09628321e-01
 -2.91234499e+00
 -4.02982859e+00
 -3.53485605e+00
 -1.47073743e+00
 1.55292373e+00
 4.57757490e+00
 6.64466329e+00
 7.14458466e+00
 6.03402776e+00
 3.84021400e+00
 1.45161717e+00
 -2.24125469e-01
 -6.04177960e-01
 3.54770079e-01
 2.15226384e+00
 3.95074333e+00
 4.91264832e+00
 4.53752329e+00
 2.86867740e+00
 4.88944928e-01
 -1.69403903e+00
 -2.79180333e+00
 -2.27712971e+00
 -1.93333014e-01
 2.84997843e+00
 5.89424726e+00
 7.98091591e+00
 8.50037530e+00
 7.40930940e+00
 5.23493479e+00
 2.86572046e+00
 1.20929885e+00
 8.48501114e-01
 1.82663283e+00
 3.64323440e+00
 5.46074102e+00
 6.44158769e+00
 6.08531409e+00
 4.43522463e+00
 2.07414880e+00
 -9.02830544e-02
 -1.16960453e+00
 -6.36602090e-01
 1.46540470e+00
 4.52680279e+00
 7.58903014e+00
 9.69352449e+00
 1.02306721e+01
 9.15715236e+00
 7.00017714e+00
 4.64821084e+00
 3.00888134e+00
 2.66501521e+00
 3.65991349e+00
 5.49311205e+00
 7.32704159e+00
 8.32413265e+00
 7.98392043e+00
 6.34970494e+00
 4.00431127e+00
 1.85536540e+00
 7.91329376e-01
 1.33941243e+00
 3.45629072e+00
 6.53234695e+00
 9.60901486e+00
 1.17277280e+01
 1.22788685e+01
 1.12191116e+01
 9.07566505e+00
 6.73698930e+00
 5.11070818e+00
 4.77964428e+00
 5.78709472e+00
 7.63259147e+00
 9.47856139e+00
 1.04874312e+01
 1.01587323e+01
 8.53576102e+00
 6.20133874e+00
 4.06308780e+00
 3.00946665e+00
 3.56768098e+00
 5.69440343e+00
 8.78001325e+00
 1.18659408e+01
 1.39936162e+01
 1.45534183e+01
 1.35020191e+01
 1.13666231e+01
 9.03568762e+00
 7.41683335e+00
 7.09287984e+00
 8.10712118e+00
 9.95908640e+00
 1.18111995e+01
 1.28258842e+01
 1.25026693e+01
 1.08848484e+01
 8.55524000e+00
 6.42146398e+00
 5.37197620e+00
 5.93397983e+00
 8.06414507e+00
 1.11528488e+01
 1.42415189e+01
 1.63715835e+01
 1.69334191e+01
 1.58836954e+01
 1.37496152e+01
 1.14196334e+01
 9.80136890e+00
 9.47763936e+00
 1.04917370e+01
 1.23431892e+01
 1.41944180e+01
 1.52078458e+01
 1.48829995e+01
 1.32631714e+01
 1.09311785e+01
 8.79463931e+00
 7.74200835e+00
 8.30048755e+00
 1.04267459e+01
 1.35111593e+01
 1.65951545e+01
 1.87201585e+01
 1.92765471e+01
 1.82209891e+01
 1.60806864e+01
 1.37440934e+01
 1.21188283e+01
 1.17877082e+01
 1.27940248e+01
 1.46373049e+01
 1.64799704e+01
 1.74844434e+01
 1.71502505e+01
 1.55206838e+01
 1.31785604e+01
 1.10314986e+01
 9.96795312e+00
 1.05151260e+01
 1.26296864e+01
 1.57020105e+01
 1.87735254e+01
 2.08856586e+01
 2.14287862e+01
 2.03595778e+01
 1.82052357e+01
 1.58542152e+01
 1.42141350e+01
 1.38678133e+01
 1.48585425e+01
 1.66858506e+01
 1.85121605e+01
 1.94998952e+01
 1.91485828e+01
 1.75015164e+01
 1.51415145e+01
 1.29761969e+01
 1.18940198e+01
 1.24221866e+01
 1.45173683e+01
 1.75699424e+01
 2.06213382e+01
 2.27129846e+01
 2.32352599e+01
 2.21448354e+01
 1.99689156e+01
 1.75959578e+01
 1.59335829e+01
 1.55646112e+01
 1.65323375e+01
 1.83362921e+01
 2.01389003e+01
 2.11025876e+01
 2.07268847e+01
 1.90550872e+01
 1.66700164e+01
 1.44792948e+01
 1.33713813e+01
 1.38734823e+01
 1.59422715e+01
 1.89681298e+01
 2.19924891e+01
 2.40567817e+01
 2.45513890e+01
 2.34329855e+01
 2.12287790e+01
 1.88272301e+01
 1.71359633e+01
 1.67378021e+01
 1.76760451e+01
 1.94502260e+01
 2.12227738e+01
 2.21561177e+01
 2.17497920e+01
 2.00470964e+01
 1.76308558e+01
 1.54086967e+01
 1.42690820e+01
 1.47392220e+01
 1.67757947e+01
 1.97691849e+01
 2.27608287e+01
 2.47921628e+01
 2.52535726e+01
 2.41017371e+01
 2.18638684e+01
 1.94284315e+01
 1.77030554e+01
 1.72705680e+01
 1.81742726e+01
 1.99137073e+01
 2.16513059e+01
 2.25495022e+01
 2.21078353e+01
 2.03696095e+01
 1.79176547e+01
 1.56596020e+01
 1.44839192e+01
 1.49178218e+01
 1.69179925e+01
 1.98748210e+01
 2.28297487e+01
 2.48242171e+01
 2.52486168e+01
 2.40596319e+01
 2.17844797e+01
 1.93116303e+01
 1.75487179e+01
 1.70785758e+01
 1.79445123e+01
 1.96460711e+01
 2.13456911e+01
 2.22058115e+01
 2.17259768e+01
 1.99494966e+01
 1.74592064e+01
 1.51627426e+01
 1.39485786e+01
 1.43439351e+01
 1.63055005e+01
 1.92236701e+01
 2.21398906e+01
 2.40956093e+01
 2.44812222e+01
 2.32534190e+01
 2.09394227e+01
 1.84277088e+01
 1.66259174e+01
 1.61168872e+01
 1.69439322e+01
 1.86066017e+01
 2.02673404e+01
 2.10885930e+01
 2.05699098e+01
 1.87546060e+01
 1.62255227e+01
 1.38903022e+01
 1.26374234e+01
 1.29941127e+01
 1.49170643e+01
 1.77966790e+01
 2.06744093e+01
 2.25917081e+01
 2.29389772e+01
 2.16729119e+01
 1.93207407e+01
 1.67709451e+01
 1.49311704e+01
 1.43842614e+01
 1.51735374e+01
 1.67985535e+01
 1.84217599e+01
 1.92056070e+01
 1.86496505e+01
 1.67972113e+01
 1.42311361e+01
 1.18590726e+01
 1.05695052e+01
 1.08896660e+01
 1.27762544e+01
 1.56196769e+01
 1.84613914e+01
 2.03428561e+01
 2.06544782e+01
 1.93529584e+01
 1.69655307e+01
 1.43806816e+01
 1.25060620e+01
 1.19245218e+01
 1.26793856e+01
 1.42702136e+01
 1.58594612e+01
 1.66095841e+01
 1.60201430e+01
 1.41344639e+01
 1.15353984e+01
 9.13059934e+00
 7.80855616e+00
 8.09650582e+00
 9.95115265e+00
 1.27629079e+01
 1.55732345e+01
 1.74235952e+01
 1.77044021e+01
 1.63723607e+01
 1.39547093e+01
 1.13399394e+01
 9.43570625e+00
 8.82486426e+00
 9.55074269e+00
 1.11129061e+01
 1.26738142e+01
 1.33959270e+01
 1.27788097e+01
 1.08657924e+01
 8.23973087e+00
 5.80828221e+00
 4.45993985e+00
 4.72194482e+00
 6.55100544e+00
 9.33753693e+00
 1.21230060e+01
 1.39488793e+01
 1.42055727e+01
 1.28497953e+01
 1.04087893e+01
 7.77104957e+00
 5.84423500e+00
 5.21120345e+00
 5.91528762e+00
 7.45605539e+00
 8.99596986e+00
 9.69749424e+00
 9.06019681e+00
 7.12741093e+00
 4.48199541e+00
 2.03161027e+00
 6.64751889e-01
 9.08664166e-01
 2.72005822e+00
 5.48935201e+00
 8.25801486e+00
 1.00675162e+01
 1.03082742e+01
 8.93700056e+00
 6.48093983e+00
 3.82858927e+00
 1.88760998e+00
 1.24086204e+00
 1.93168027e+00
 3.45963461e+00
 4.98719014e+00
 5.67681199e+00
 5.02807029e+00
 3.08430017e+00
 4.28362156e-01
 -2.03208212e+00
 -3.40853471e+00
 -3.17375021e+00
 -1.37101611e+00
 1.39008693e+00
 4.15102946e+00
 5.95328211e+00
 6.18726426e+00
 4.80968857e+00
 2.34780059e+00
 -3.09901492e-01
 -2.25575576e+00
 -2.90690139e+00
 -2.22000285e+00
 -6.95489607e-01
 8.29103955e-01
 1.51624343e+00
 8.65499324e-01
 -1.07979291e+00
 -3.73677252e+00
 -6.19777770e+00
 -7.57431042e+00
 -7.33912527e+00
 -5.53550979e+00
 -2.77304479e+00
 -1.02599173e-02
 1.79431516e+00
 2.03109946e+00
 6.56805210e-01
 -1.80132254e+00
 -4.45478620e+00
 -6.39592451e+00
 -7.04187737e+00
 -6.34931006e+00
 -4.81865293e+00
 -3.28744132e+00
 -2.59321066e+00
 -3.23639154e+00
 -5.17364968e+00
 -7.82212559e+00
 -1.02741588e+01
 -1.16412526e+01
 -1.13961631e+01
 -9.58217943e+00
 -6.80888392e+00
 -4.03480793e+00
 -2.21848288e+00
 -1.96949156e+00
 -3.33112366e+00
 -5.77613608e+00
 -8.41603327e+00
 -1.03431561e+01
 -1.09746465e+01
 -1.02671722e+01
 -8.72116576e+00
 -7.17416488e+00
 -6.46370746e+00
 -7.09022659e+00
 -9.01039059e+00
 -1.16413426e+01
 -1.40754248e+01
 -1.54241434e+01
 -1.51602573e+01
 -1.33270584e+01
 -1.05341322e+01
 -7.74001292e+00
 -5.90323520e+00
 -5.63338495e+00
 -6.97375506e+00
 -9.39710573e+00
 -1.20149448e+01
 -1.39196164e+01
 -1.45282661e+01
 -1.37975650e+01
 -1.22279493e+01
 -1.06569604e+01
 -9.92213976e+00
 -1.05239243e+01
 -1.24189862e+01
 -1.50244724e+01
 -1.74327290e+01
 -1.87552661e+01
 -1.84648467e+01
 -1.66047668e+01
 -1.37846160e+01
 -1.09629327e+01
 -9.09825574e+00
 -8.80017534e+00
 -1.01119887e+01
 -1.25064604e+01
 -1.50951027e+01
 -1.69702642e+01
 -1.75490949e+01
 -1.67882707e+01
 -1.51882321e+01
 -1.35865253e+01
 -1.28206964e+01
 -1.33911872e+01
 -1.52546744e+01
 -1.78283099e+01
 -2.02044447e+01
 -2.14945937e+01
 -2.11715248e+01
 -1.92785390e+01
 -1.64252309e+01
 -1.35701440e+01
 -1.16718221e+01
 -1.13398606e+01
 -1.26175617e+01
 -1.49776954e+01
 -1.75317788e+01
 -1.93721660e+01
 -1.99160123e+01
 -1.91199986e+01
 -1.74845709e+01
 -1.58472807e+01
 -1.50456796e+01
 -1.55802144e+01
 -1.74075676e+01
 -1.99448963e+01
 -2.22845571e+01
 -2.35380703e+01
 -2.31782093e+01
 -2.12482806e+01
 -1.83578843e+01
 -1.54655694e+01
 -1.35298855e+01
 -1.31604333e+01
 -1.44005207e+01
 -1.67229233e+01
 -1.92391639e+01
 -2.10416021e+01
 -2.15473988e+01
 -2.07132406e+01
 -1.90395793e+01
 -1.73639719e+01
 -1.65239756e+01
 -1.70200431e+01
 -1.88088623e+01
 -2.13075962e+01
 -2.36086069e+01
 -2.48234205e+01
 -2.44248161e+01
 -2.24561059e+01
 -1.95268955e+01
 -1.65957399e+01
 -1.46211939e+01
 -1.42128643e+01
 -1.54140645e+01
 -1.76975757e+01
 -2.01749264e+01
 -2.19384818e+01
 -2.24054086e+01
 -2.15323989e+01
 -1.98199101e+01
 -1.81055047e+01
 -1.72267457e+01
 -1.76840913e+01
 -1.94342349e+01
 -2.18943450e+01
 -2.41567893e+01
 -2.53330995e+01
 -2.48960600e+01
 -2.28889885e+01
 -1.99214962e+01
 -1.69521432e+01
 -1.49394902e+01
 -1.44931489e+01
 -1.56564384e+01
 -1.79021449e+01
 -2.03418025e+01
 -2.20677817e+01
 -2.24972541e+01
 -2.15869173e+01
 -1.98372338e+01
 -1.80857714e+01
 -1.71700980e+01
 -1.75906770e+01
 -1.93042069e+01
 -2.17278612e+01
 -2.39540127e+01
 -2.50941978e+01
 -2.46212060e+01
 -2.25783599e+01
 -1.95752755e+01
 -1.65705178e+01
 -1.45226521e+01
 -1.40412950e+01
 -1.51697701e+01
 -1.73808685e+01
 -1.97861287e+01
 -2.14779257e+01
 -2.18734359e+01
 -2.09293611e+01
 -1.91461684e+01
 -1.73614298e+01
 -1.64127177e+01
 -1.68004997e+01
 -1.84814786e+01
 -2.08728321e+01
 -2.30669369e+01
 -2.41753338e+01
 -2.36708162e+01
 -2.15967107e+01
 -1.85626371e+01
 -1.55271645e+01
 -1.34488618e+01
 -1.29373495e+01
 -1.40359550e+01
 -1.62174728e+01
 -1.85934452e+01
 -2.02562507e+01
 -2.06230692e+01
 -1.96506059e+01
 -1.78393312e+01
 -1.60268206e+01
 -1.50506496e+01
 -1.54112891e+01
 -1.70654449e+01
 -1.94302978e+01
 -2.15982276e+01
 -2.26807779e+01
 -2.21507452e+01
 -2.00514587e+01
 -1.69925412e+01
 -1.39325642e+01
 -1.18300995e+01
 -1.12947700e+01
 -1.23699056e+01
 -1.45283034e+01
 -1.68815080e+01
 -1.85219001e+01
 -1.88666619e+01
 -1.78725008e+01
 -1.60398893e+01
 -1.42064048e+01
 -1.32096250e+01
 -1.35500226e+01
 -1.51843052e+01
 -1.75296554e+01
 -1.96784548e+01
 -2.07422485e+01
 -2.01938345e+01
 -1.80765436e+01
 -1.50000000e+01
 -1.19227766e+01
 -9.80344640e+00
 -9.25163359e+00
 -1.03106692e+01
 -1.24533513e+01
 -1.47912256e+01
 -1.64166737e+01
 -1.67468787e+01
 -1.57385487e+01
 -1.38921570e+01
 -1.20452817e+01
 -1.10355010e+01
 -1.13632880e+01
 -1.29853510e+01
 -1.53188728e+01
 -1.74562352e+01
 -1.85089838e+01
 -1.79499166e+01
 -1.58223645e+01
 -1.27359517e+01
 -9.64925102e+00
 -7.52083539e+00
 -6.96032880e+00
 -8.01106200e+00
 -1.01458328e+01
 -1.24761863e+01
 -1.40945039e+01
 -1.44179679e+01
 -1.34032860e+01
 -1.15509307e+01
 -9.69847943e+00
 -8.68350944e+00
 -9.00649306e+00
 -1.06241376e+01
 -1.29536248e+01
 -1.50873355e+01
 -1.61368139e+01
 -1.55748570e+01
 -1.34447943e+01
 -1.03562487e+01
 -7.26779159e+00
 -5.13799436e+00
 -4.57647947e+00
 -5.62657604e+00
 -7.76108021e+00
 -1.00915353e+01
 -1.17103210e+01
 -1.20346176e+01
 -1.10211310e+01
 -9.17033154e+00
 -7.31979465e+00
 -6.30709549e+00
 -6.63270419e+00
 -8.25332576e+00
 -1.05861397e+01
 -1.27235245e+01
 -1.37770219e+01
 -1.32194263e+01
 -1.10940648e+01
 -8.01055768e+00
 -4.92747364e+00
 -2.80338136e+00
 -2.24790054e+00
 -3.30435746e+00
 -5.44554538e+00
 -7.78300473e+00
 -9.40911207e+00
 -9.74104485e+00
 -8.73550567e+00
 -6.89296191e+00
 -5.05098569e+00
 -4.04714895e+00
 -4.38191852e+00
 -6.01199606e+00
 -8.35455773e+00
 -1.05019784e+01
 -1.15657966e+01
 -1.10188029e+01
 -8.90432112e+00
 -5.83196765e+00
 -2.76030765e+00
 -6.47906060e-01
 -1.04378819e-01
 -1.17304842e+00
 -3.32670427e+00
 -5.67688293e+00
 -7.31595704e+00
 -7.66110009e+00
 -6.66901069e+00
 -4.84015217e+00
 -3.01209259e+00
 -2.02239979e+00
 -2.37153645e+00
 -4.01620007e+00
 -6.37356260e+00
 -8.53599468e+00
 -9.61503046e+00
 -9.08345647e+00
 -6.98459189e+00
 -3.92804894e+00
 -8.72388351e-01
 1.22382937e+00
 1.75099270e+00
 6.65783630e-01
 -1.50458276e+00
 -3.87163852e+00
 -5.52775174e+00
 -5.89009136e+00
 -4.91535140e+00
 -3.10399061e+00
 -1.29357242e+00
 -3.21660023e-01
 -6.88711451e-01
 -2.35141953e+00
 -4.72695152e+00
 -6.90767337e+00
 -8.00511450e+00
 -7.49205671e+00
 -5.41181446e+00
 -2.37399520e+00
 6.62845092e-01
 2.74015068e+00
 3.24831484e+00
 2.14402432e+00
 -4.55009901e-02
 -2.43178835e+00
 -4.10720104e+00
 -4.48890320e+00
 -3.53358405e+00
 -1.74169750e+00
 4.91978051e-02
 1.00154349e+00
 6.14886327e-01
 -1.06746169e+00
 -3.46266303e+00
 -5.66307882e+00
 -6.78023371e+00
 -6.28690470e+00
 -4.22640145e+00
 -1.20832665e+00
 1.80876849e+00
 3.86633300e+00
 4.35476489e+00
 3.23075566e+00
 1.02152991e+00
 -1.38443489e+00
 -3.07949734e+00
 -3.48081689e+00
 -2.54507808e+00
 -7.72730205e-01
 9.98672756e-01
 1.93157702e+00
 1.52553398e+00
 -1.76139819e-01
 -2.59060228e+00
 -4.81021001e+00
 -5.94648314e+00
 -5.47219419e+00
 -3.43064836e+00
 -4.31443907e-01
 2.56687238e+00
 4.60575390e+00
 5.07560301e+00
 3.93311556e+00
 1.70552043e+00
 -7.18700649e-01
 -2.43190204e+00
 -2.85123899e+00
 -1.93339188e+00
 -1.78805846e-01
 1.57496921e+00
 2.49038358e+00
 2.06699269e+00
 3.48117062e-01
 -2.08339724e+00
 -4.31990290e+00
 -5.47291618e+00
 -5.01520577e+00
 -2.99007306e+00
 -7.11255370e-03
 2.97513267e+00
 4.99811968e+00
 5.45225449e+00
 4.29423648e+00
 2.05129811e+00
 -3.88075402e-01
 -2.11623498e+00
 -2.55033246e+00
 -1.64704488e+00
 9.31859401e-02
 1.83281335e+00
 2.73429085e+00
 2.29717702e+00
 5.64795500e-01
 -1.88000459e+00
 -4.12957296e+00
 -5.29542287e+00
 -4.85032014e+00
 -2.83756332e+00
 1.33255904e-01
 3.10359717e+00
 5.11492025e+00
 5.55763375e+00
 4.38843966e+00
 2.13457294e+00
 -3.15478739e-01
 -2.05406389e+00
 -2.49833202e+00
 -1.60495786e+00
 1.25618979e-01
 1.85585402e+00
 2.74820287e+00
 2.30222615e+00
 5.61249500e-01
 -1.89187605e+00
 -4.14949831e+00
 -5.32312879e+00
 -4.88553152e+00
 -2.88000339e+00
 8.38655248e-02
 3.04753643e+00
 5.05247058e+00
 5.48907803e+00
 4.31406212e+00
 2.05465910e+00
 -4.00642107e-01
 -2.14418885e+00
 -2.59312951e+00
 -1.70413779e+00
 2.23476784e-02
 1.74878333e+00
 2.63762563e+00
 2.18843598e+00
 4.44540725e-01
 -2.01120844e+00
 -4.27115876e+00
 -5.44682119e+00
 -5.01095934e+00
 -3.00686970e+00
 -4.41420160e-02
 2.91868516e+00
 4.92307327e+00
 5.35943249e+00
 4.18446623e+00
 1.92541072e+00
 -5.29245205e-01
 -2.27184902e+00
 -2.71954933e+00
 -1.82902011e+00
 -1.00700330e-01
 1.62786603e+00
 2.51913497e+00
 2.07266733e+00
 3.31788861e-01
 -2.12064941e+00
 -4.37699548e+00
 -5.54876110e+00
 -5.10871075e+00
 -3.10014186e+00
 -1.32645171e-01
 2.83523970e+00
 4.84497306e+00
 5.28696390e+00
 4.11791435e+00
 1.86505934e+00
 -5.83113688e-01
 -2.31895366e+00
 -2.75961069e+00
 -1.86176034e+00
 -1.25843208e-01
 1.61059503e+00
 2.51000858e+00
 2.07195650e+00
 3.39762635e-01
 -2.10372394e+00
 -4.35085322e+00
 -5.51313903e+00
 -5.06334797e+00
 -3.04477966e+00
 -6.70271027e-02
 2.91136780e+00
 4.93186299e+00
 5.38486503e+00
 4.22707359e+00
 1.98572104e+00
 -4.50707738e-01
 -2.17456434e+00
 -2.60300158e+00
 -1.69269776e+00
 5.59036841e-02
 1.80525423e+00
 2.71780518e+00
 2.29311260e+00
 5.74497317e-01
 -1.85519466e+00
 -4.08831646e+00
 -5.23638507e+00
 -4.77217034e+00
 -2.73897513e+00
 2.53604227e-01
 3.24702245e+00
 5.28273406e+00
 5.75114217e+00
 4.60894292e+00
 2.38336516e+00
 -3.71098627e-02
 -1.74483737e+00
 -2.15697385e+00
 -1.23020136e+00
 5.35032922e-01
 2.30117665e+00
 3.23067727e+00
 2.82308695e+00
 1.12172261e+00
 -1.29057372e+00
 -3.50615917e+00
 -4.63655478e+00
 -4.15453446e+00
 -2.10340519e+00
 9.07232541e-01
 3.91882928e+00
 5.97283535e+00
 6.45964960e+00