 0.00000000e+00
 2.86706932e-01
 2.65090431e-01
 -2.25980387e-01
 -1.11455830e+00
 -2.10805012e+00
 -2.80181681e+00
 -2.84300351e+00
 -2.08541554e+00
 -6.72804987e-01
 9.85993497e-01
 2.34577837e+00
 2.91313202e+00
 2.42561764e+00
 9.55181298e-01
 -1.10428014e+00
 -3.16303575e+00
 -4.63135484e+00
 -5.11534121e+00
 -4.54304992e+00
 -3.17691937e+00
 -1.51036919e+00
 -8.86034171e-02
 6.79540374e-01
 6.50306715e-01
 -3.01135471e-02
 -1.00886982e+00
 -1.88132779e+00
 -2.35489942e+00
 -2.35764311e+00
 -2.05069578e+00
 -1.74238736e+00
 -1.74104819e+00
 -2.20781653e+00
 -3.07075294e+00
 -4.03727244e+00
 -4.70274468e+00
 -4.71432384e+00
 -3.92582475e+00
 -2.48100943e+00
 -7.88722855e-01
 6.05822670e-01
 1.20919837e+00
 7.58955870e-01
 -6.72970740e-01
 -2.69269698e+00
 -4.71050470e+00
 -6.13667637e+00
 -6.57732936e+00
 -5.96053269e+00
 -4.54873907e+00
 -2.83538285e+00
 -1.36568315e+00
 -5.48492997e-01
 -5.27583677e-01
 -1.15678052e+00
 -2.08324947e+00
 -2.90237310e+00
 -3.32158061e+00
 -3.26894796e+00
 -2.90562999e+00
 -2.53997487e+00
 -2.48033150e+00
 -2.88785703e+00
 -3.69063122e+00
 -4.59608862e+00
 -5.19961865e+00
 -5.14839564e+00
 -4.29625481e+00
 -2.78697887e+00
 -1.02943377e+00
 4.31146944e-01
 1.10131299e+00
 7.18594213e-01
 -6.45097321e-01
 -2.59589941e+00
 -4.54411643e+00
 -5.90005359e+00
 -6.26985127e+00
 -5.58160167e+00
 -4.09778094e+00
 -2.31184706e+00
 -7.69042981e-01
 1.21754241e-01
 2.16749102e-01
 -3.37908128e-01
 -1.18940796e+00
 -1.93315771e+00
 -2.27661149e+00
 -2.14787029e+00
 -1.70811415e+00
 -1.26571658e+00
 -1.12905195e+00
 -1.45930298e+00
 -2.18457516e+00
 -3.01232881e+00
 -3.53797931e+00
 -3.40872696e+00
 -2.47843308e+00
 -8.90906549e-01
 9.44960445e-01
 2.48390807e+00
 3.23245967e+00
 2.92811869e+00
 1.64277077e+00
 -2.29748367e-01
 -2.09976959e+00
 -3.37762463e+00
 -3.66948038e+00
 -2.90345556e+00
 -1.34205284e+00
 5.21243305e-01
 2.14116346e+00
 3.10880410e+00
 3.28034334e+00
 2.80190507e+00
 2.02627248e+00
 1.35801201e+00
 1.08964337e+00
 1.29303947e+00
 1.80699425e+00
 2.32310830e+00
 2.53298140e+00
 2.27540513e+00
 1.62224840e+00
 8.66025404e-01
 4.11295437e-01
 6.10832968e-01
 1.61075162e+00
 3.26721761e+00
 5.17131399e+00
 6.77775634e+00
 7.59304361e+00
 7.35465501e+00
 6.13445214e+00
 4.32624687e+00
 2.51968471e+00
 1.30441050e+00
 1.07423412e+00
 1.90101386e+00
 3.52222431e+00
 5.44435846e+00
 7.12212464e+00
 8.14659728e+00
 8.37393274e+00
 7.95023340e+00
 7.22826123e+00
 6.61256170e+00
 6.39563388e+00
 6.64933026e+00
 7.21242472e+00
 7.77649805e+00
 8.03313056e+00
 7.82109467e+00
 7.21224046e+00
 6.49906358e+00
 6.08610515e+00
 6.32612179e+00
 7.36520961e+00
 9.05951767e+00
 1.10001122e+01
 1.26416923e+01
 1.34907409e+01
 1.32847215e+01
 1.20954803e+01
 1.03168141e+01
 8.53835401e+00
 7.34973053e+00
 7.14473978e+00
 7.99522662e+00
 9.63865262e+00
 1.15814982e+01
 1.32784593e+01
 1.43205988e+01
 1.45640615e+01
 1.41549389e+01
 1.34459825e+01
 1.28417274e+01
 1.26346632e+01
 1.28966331e+01
 1.34664021e+01
 1.40355427e+01
 1.42956271e+01
 1.40854204e+01
 1.34767656e+01
 1.27621516e+01
 1.23461135e+01
 1.25814022e+01
 1.36141085e+01
 1.53003768e+01
 1.72312689e+01
 1.88614801e+01
 1.96974898e+01
 1.94767586e+01
 1.82711303e+01
 1.64743997e+01
 1.46761963e+01
 1.34661495e+01
 1.32380548e+01
 1.40637570e+01
 1.56807179e+01
 1.75954188e+01
 1.92625570e+01
 2.02731969e+01
 2.04834856e+01
 2.00395174e+01
 1.92940467e+01
 1.86516125e+01
 1.84047083e+01
 1.86251819e+01
 1.91518034e+01
 1.96761507e+01
 1.98898020e+01
 1.96315288e+01
 1.89731810e+01
 1.82072549e+01
 1.77382933e+01
 1.79190554e+01
 1.88956409e+01
 2.05242030e+01
 2.23958134e+01
 2.39651774e+01
 2.47387851e+01
 2.44541078e+01
 2.31830008e+01
 2.13192708e+01
 1.94525595e+01
 1.81725091e+01
 1.78729283e+01
 1.86256754e+01
 2.01682263e+01
 2.20070765e+01
 2.35969384e+01
 2.45288915e+01
 2.46590987e+01
 2.41336702e+01
 2.33053770e+01
 2.25787750e+01
 2.22463748e+01
 2.23800420e+01
 2.28185647e+01
 2.32535391e+01
 2.33765625e+01
 2.30264252e+01
 2.22749967e+01
 2.14147934e+01
 2.08503782e+01
 2.09345309e+01
 2.18133720e+01
 2.33430762e+01
 2.51147367e+01
 2.65830808e+01
 2.72546206e+01
 2.68668503e+01
 2.54916480e+01
 2.35228435e+01
 2.15501020e+01
 2.01630896e+01
 1.97556389e+01
 2.03996326e+01
 2.18325712e+01
 2.35609752e+01
 2.50395819e+01
 2.58594965e+01
 2.58769073e+01
 2.52379504e+01
 2.42954230e+01
 2.34539073e+01
 2.30059405e+01
 2.30234150e+01
 2.33451457e+01
 2.36627561e+01
 2.36678708e+01
 2.31993078e+01
 2.23289643e+01
 2.13493843e+01
 2.06651591e+01
 2.06290965e+01
 2.13873454e+01
 2.27961090e+01
 2.44465092e+01
 2.57933019e+01
 2.63430281e+01
 2.58332111e+01
 2.43357578e+01
 2.22445273e+01
 2.01492141e+01
 1.86395136e+01
 1.81092877e+01
 1.86304486e+01
 1.99405262e+01
 2.15460708e+01
 2.29018490e+01
 2.35989957e+01
 2.34937289e+01
 2.27322143e+01
 2.16672788e+01
 2.07035341e+01
 2.01335472e+01
 2.00292400e+01
 2.02294570e+01
 2.04258513e+01
 2.03100770e+01
 1.97209815e+01
 1.87304914e+01
 1.76311803e+01
 1.68276683e+01
 1.66727926e+01
 1.73127313e+01
 1.86037165e+01
 2.01368989e+01
 2.13670632e+01
 2.18007791e+01
 2.11755983e+01
 1.95634562e+01
 1.73582402e+01
 1.51496727e+01
 1.35274770e+01
 1.28855429e+01
 1.32958100e+01
 1.44958359e+01
 1.59921977e+01
 1.72396893e+01
 1.78294723e+01
 1.76177913e+01
 1.67508384e+01
 1.55814664e+01
 1.45143133e+01
 1.38419715e+01
 1.36363883e+01
 1.37364336e+01
 1.38337852e+01
 1.36201219e+01
 1.29343154e+01
 1.18483164e+01
 1.06547223e+01
 9.75817671e+00
 9.51154012e+00
 1.00610133e+01
 1.12628511e+01
 1.27082264e+01
 1.38519458e+01
 1.42006007e+01
 1.34917639e+01
 1.17973918e+01
 9.51139240e+00
 7.22350825e+00
 5.52348253e+00
 4.80522455e+00
 5.14069308e+00
 6.26746427e+00
 7.69213371e+00
 8.86951331e+00
 9.39078211e+00
 9.11220197e+00
 8.17998177e+00
 6.94699081e+00
 5.81788282e+00
 5.08526592e+00
 4.82110251e+00
 4.86427715e+00
 4.90648207e+00
 4.63940976e+00
 3.90194549e+00
 2.76605289e+00
 1.52434180e+00
 5.81468143e-01
 2.90303908e-01
 7.97061137e-01
 1.95800535e+00
 3.36431973e+00
 4.47082082e+00
 4.78410931e+00
 4.04176694e+00
 2.31575855e+00
 1.41972534e-13
 -2.31575855e+00
 -4.04176694e+00
 -4.78410931e+00
 -4.47082082e+00
 -3.36431973e+00
 -1.95800535e+00
 -7.97061137e-01
 -2.90303908e-01
 -5.81468143e-01
 -1.52434180e+00
 -2.76605289e+00
 -3.90194549e+00
 -4.63940976e+00
 -4.90648207e+00
 -4.86427715e+00
 -4.82110251e+00
 -5.08526592e+00
 -5.81788282e+00
 -6.94699081e+00
 -8.17998177e+00
 -9.11220197e+00
 -9.39078211e+00
 -8.86951331e+00
 -7.69213371e+00
 -6.26746427e+00
 -5.14069308e+00
 -4.80522455e+00
 -5.52348253e+00
 -7.22350825e+00
 -9.51139240e+00
 -1.17973918e+01
 -1.34917639e+01
 -1.42006007e+01
 -1.38519458e+01
 -1.27082264e+01
 -1.12628511e+01
 -1.00610133e+01
 -9.51154012e+00
 -9.75817671e+00
 -1.06547223e+01
 -1.18483164e+01
 -1.29343154e+01
 -1.36201219e+01
 -1.38337852e+01
 -1.37364336e+01
 -1.36363883e+01
 -1.38419715e+01
 -1.45143133e+01
 -1.55814664e+01
 -1.67508384e+01
 -1.76177913e+01
 -1.78294723e+01
 -1.72396893e+01
 -1.59921977e+01
 -1.44958359e+01
 -1.32958100e+01
 -1.28855429e+01
 -1.35274770e+01
 -1.51496727e+01
 -1.73582402e+01
 -1.95634562e+01
 -2.11755983e+01
 -2.18007791e+01
 -2.13670632e+01
 -2.01368989e+01
 -1.86037165e+01
 -1.73127313e+01
 -1.66727926e+01
 -1.68276683e+01
 -1.76311803e+01
 -1.87304914e+01
 -1.97209815e+01
 -2.03100770e+01
 -2.04258513e+01
 -2.02294570e+01
 -2.00292400e+01
 -2.01335472e+01
 -2.07035341e+01
 -2.16672788e+01
 -2.27322143e+01
 -2.34937289e+01
 -2.35989957e+01
 -2.29018490e+01
 -2.15460708e+01
 -1.99405262e+01
 -1.86304486e+01
 -1.81092877e+01
 -1.86395136e+01
 -2.01492141e+01
 -2.22445273e+01
 -2.43357578e+01
 -2.58332111e+01
 -2.63430281e+01
 -2.57933019e+01
 -2.44465092e+01
 -2.27961090e+01
 -2.13873454e+01
 -2.06290965e+01
 -2.06651591e+01
 -2.13493843e+01
 -2.23289643e+01
 -2.31993078e+01
 -2.36678708e+01
 -2.36627561e+01
 -2.33451457e+01
 -2.30234150e+01
 -2.30059405e+01
 -2.34539073e+01
 -2.42954230e+01
 -2.52379504e+01
 -2.58769073e+01
 -2.58594965e+01
 -2.50395819e+01
 -2.35609752e+01
 -2.18325712e+01
 -2.03996326e+01
 -1.97556389e+01
 -2.01630896e+01
 -2.15501020e+01
 -2.35228435e+01
 -2.54916480e+01
 -2.68668503e+01
 -2.72546206e+01
 -2.65830808e+01
 -2.51147367e+01
 -2.33430762e+01
 -2.18133720e+01
 -2.09345309e+01
 -2.08503782e+01
 -2.14147934e+01
 -2.22749967e+01
 -2.30264252e+01
 -2.33765625e+01
 -2.32535391e+01
 -2.28185647e+01
 -2.23800420e+01
 -2.22463748e+01
 -2.25787750e+01
 -2.33053770e+01
 -2.41336702e+01
 -2.46590987e+01
 -2.45288915e+01
 -2.35969384e+01
 -2.20070765e+01
 -2.01682263e+01
 -1.86256754e+01
 -1.78729283e+01
 -1.81725091e+01
 -1.94525595e+01
 -2.13192708e+01
 -2.31830008e+01
 -2.44541078e+01
 -2.47387851e+01
 -2.39651774e+01
 -2.23958134e+01
 -2.05242030e+01
 -1.88956409e+01
 -1.79190554e+01
 -1.77382933e+01
 -1.82072549e+01
 -1.89731810e+01
 -1.96315288e+01
 -1.98898020e+01
 -1.96761507e+01
 -1.91518034e+01
 -1.86251819e+01
 -1.84047083e+01
 -1.86516125e+01
 -1.92940467e+01
 -2.00395174e+01
 -2.04834856e+01
 -2.02731969e+01
 -1.92625570e+01
 -1.75954188e+01
 -1.56807179e+01
 -1.40637570e+01
 -1.32380548e+01
 -1.34661495e+01
 -1.46761963e+01
 -1.64743997e+01
 -1.82711303e+01
 -1.94767586e+01
 -1.96974898e+01
 -1.88614801e+01
 -1.72312689e+01
 -1.53003768e+01
 -1.36141085e+01
 -1.25814022e+01
 -1.23461135e+01
 -1.27621516e+01
 -1.34767656e+01
 -1.40854204e+01
 -1.42956271e+01
 -1.40355427e+01
 -1.34664021e+01
 -1.28966331e+01
 -1.26346632e+01
 -1.28417274e+01
 -1.34459825e+01
 -1.41549389e+01
 -1.45640615e+01
 -1.43205988e+01
 -1.32784593e+01
 -1.15814982e+01
 -9.63865262e+00
 -7.99522662e+00
 -7.14473978e+00
 -7.34973053e+00
 -8.53835401e+00
 -1.03168141e+01
 -1.20954803e+01
 -1.32847215e+01
 -1.34907409e+01
 -1.26416923e+01
 -1.10001122e+01
 -9.05951767e+00
 -7.36520961e+00
 -6.32612179e+00
 -6.08610515e+00
 -6.49906358e+00
 -7.21224046e+00
 -7.82109467e+00
 -8.03313056e+00
 -7.77649805e+00
 -7.21242472e+00
 -6.64933026e+00
 -6.39563388e+00
 -6.61256170e+00
 -7.22826123e+00
 -7.95023340e+00
 -8.37393274e+00
 -8.14659728e+00
 -7.12212464e+00
 -5.44435846e+00
 -3.52222431e+00
 -1.90101386e+00
 -1.07423412e+00
 -1.30441050e+00
 -2.51968471e+00
 -4.32624687e+00
 -6.13445214e+00
 -7.35465501e+00
 -7.59304361e+00
 -6.77775634e+00
 -5.17131399e+00
 -3.26721761e+00
 -1.61075162e+00
 -6.10832968e-01
 -4.11295437e-01
 -8.66025404e-01
 -1.62224840e+00
 -2.27540513e+00
 -2.53298140e+00
 -2.32310830e+00
 -1.80699425e+00
 -1.29303947e+00
 -1.08964337e+00
 -1.35801201e+00
 -2.02627248e+00
 -2.80190507e+00
 -3.28034334e+00
 -3.10880410e+00
 -2.14116346e+00
 -5.21243305e-01
 1.34205284e+00
 2.90345556e+00
 3.66948038e+00
 3.37762463e+00
 2.09976959e+00
 2.29748367e-01
 -1.64277077e+00
 -2.92811869e+00
 -3.23245967e+00
 -2.48390807e+00
 -9.44960445e-01
 8.90906549e-01
 2.47843308e+00
 3.40872696e+00
 3.53797931e+00
 3.01232881e+00
 2.18457516e+00
 1.45930298e+00
 1.12905195e+00
 1.26571658e+00
 1.70811415e+00
 2.14787029e+00
 2.27661149e+00
 1.93315771e+00
 1.18940796e+00
 3.37908128e-01
 -2.16749102e-01
 -1.21754241e-01
 7.69042981e-01
 2.31184706e+00
 4.09778094e+00
 5.58160167e+00
 6.26985127e+00
 5.90005359e+00
 4.54411643e+00
 2.59589941e+00
 6.45097321e-01
 -7.18594213e-01
 -1.10131299e+00
 -4.31146944e-01
 1.02943377e+00
 2.78697887e+00
 4.29625481e+00
 5.14839564e+00
 5.19961865e+00
 4.59608862e+00
 3.69063122e+00
 2.88785703e+00
 2.48033150e+00
 2.53997487e+00
 2.90562999e+00
 3.26894796e+00
 3.32158061e+00
 2.90237310e+00
 2.08324947e+00
 1.15678052e+00
 5.27583677e-01
 5.48492997e-01
 1.36568315e+00
 2.83538285e+00
 4.54873907e+00
 5.96053269e+00
 6.57732936e+00
 6.13667637e+00
 4.71050470e+00
 2.69269698e+00
 6.72970740e-01
 -7.58955870e-01
 -1.20919837e+00
 -6.05822670e-01
 7.88722855e-01
 2.48100943e+00
 3.92582475e+00
 4.71432384e+00
 4.70274468e+00
 4.03727244e+00
 3.07075294e+00
 2.20781653e+00
 1.74104819e+00
 1.74238736e+00
 2.05069578e+00
 2.35764311e+00
 2.35489942e+00
 1.88132779e+00
 1.00886982e+00
 3.01135471e-02
 -6.50306715e-01
 -6.79540374e-01
 8.86034171e-02
 1.51036919e+00
 3.17691937e+00
 4.54304992e+00
 5.11534121e+00
 4.63135484e+00
 3.16303575e+00
 1.10428014e+00
 -9.55181298e-01
 -2.42561764e+00
 -2.91313202e+00
 -2.34577837e+00
 -9.85993497e-01
 6.72804987e-01
 2.08541554e+00
 2.84300351e+00
 2.80181681e+00
 2.10805012e+00
 1.11455830e+00
 2.25980387e-01
 -2.65090431e-01
 -2.86706932e-01
 -5.26743362e-14
 2.86706932e-01
 2.65090431e-01
 -2.25980387e-01
 -1.11455830e+00
 -2.10805012e+00
 -2.80181681e+00
 -2.84300351e+00
 -2.08541554e+00
 -6.72804987e-01
 9.85993497e-01
 2.34577837e+00
 2.91313202e+00
 2.42561764e+00
 9.55181298e-01
 -1.10428014e+00
 -3.16303575e+00
 -4.63135484e+00
 -5.11534121e+00
 -4.54304992e+00
 -3.17691937e+00
 -1.51036919e+00
 -8.86034171e-02
 6.79540374e-01
 6.50306715e-01
 -3.01135471e-02
 -1.00886982e+00
 -1.88132779e+00
 -2.35489942e+00
 -2.35764311e+00
 -2.05069578e+00
 -1.74238736e+00
 -1.74104819e+00
 -2.20781653e+00
 -3.07075294e+00
 -4.03727244e+00
 -4.70274468e+00
 -4.71432384e+00
 -3.92582475e+00
 -2.48100943e+00
 -7.88722855e-01
 6.05822670e-01
 1.20919837e+00
 7.58955870e-01
 -6.72970740e-01
 -2.69269698e+00
 -4.71050470e+00
 -6.13667637e+00
 -6.57732936e+00
 -5.96053269e+00
 -4.54873907e+00
 -2.83538285e+00
 -1.36568315e+00
 -5.48492997e-01
 -5.27583677e-01
 -1.15678052e+00
 -2.08324947e+00
 -2.90237310e+00
 -3.32158061e+00
 -3.26894796e+00
 -2.90562999e+00
 -2.53997487e+00
 -2.48033150e+00
 -2.88785703e+00
 -3.69063122e+00
 -4.59608862e+00
 -5.19961865e+00
 -5.14839564e+00
 -4.29625481e+00
 -2.78697887e+00
 -1.02943377e+00
 4.31146944e-01
 1.10131299e+00
 7.18594213e-01
 -6.45097321e-01
 -2.59589941e+00
 -4.54411643e+00
 -5.90005359e+00
 -6.26985127e+00
 -5.58160167e+00
 -4.09778094e+00
 -2.31184706e+00
 -7.69042981e-01
 1.21754241e-01
 2.16749102e-01
 -3.37908128e-01
 -1.18940796e+00
 -1.93315771e+00
 -2.27661149e+00
 -2.14787029e+00
 -1.70811415e+00
 -1.26571658e+00
 -1.12905195e+00
 -1.45930298e+00
 -2.18457516e+00
 -3.01232881e+00
 -3.53797931e+00
 -3.40872696e+00
 -2.47843308e+00
 -8.90906549e-01
 9.44960445e-01
 2.48390807e+00
 3.23245967e+00
 2.92811869e+00
 1.64277077e+00
 -2.29748367e-01
 -2.09976959e+00
 -3.37762463e+00
 -3.66948038e+00
 -2.90345556e+00
 -1.34205284e+00
 5.21243305e-01
 2.14116346e+00
 3.10880410e+00
 3.28034334e+00
 2.80190507e+00
 2.02627248e+00
 1.35801201e+00
 1.08964337e+00
 1.29303947e+00
 1.80699425e+00
 2.32310830e+00
 2.53298140e+00
 2.27540513e+00
 1.62224840e+00
 8.66025404e-01
 4.11295437e-01
 6.10832968e-01
 1.61075162e+00
 3.26721761e+00
 5.17131399e+00
 6.77775634e+00
 7.59304361e+00
 7.35465501e+00
 6.13445214e+00
 4.32624687e+00
 2.51968471e+00
 1.30441050e+00
 1.07423412e+00
 1.90101386e+00
 3.52222431e+00
 5.44435846e+00
 7.12212464e+00
 8.14659728e+00
 8.37393274e+00
 7.95023340e+00
 7.22826123e+00
 6.61256170e+00
 6.39563388e+00
 6.64933026e+00
 7.21242472e+00
 7.77649805e+00
 8.03313056e+00
 7.82109467e+00
 7.21224046e+00
 6.49906358e+00
 6.08610515e+00
 6.32612179e+00
 7.36520961e+00
 9.05951767e+00
 1.10001122e+01
 1.26416923e+01
 1.34907409e+01
 1.32847215e+01
 1.20954803e+01
 1.03168141e+01
 8.53835401e+00
 7.34973053e+00
 7.14473978e+00
 7.99522662e+00
 9.63865262e+00
 1.15814982e+01
 1.32784593e+01
 1.43205988e+01
 1.45640615e+01
 1.41549389e+01
 1.34459825e+01
 1.28417274e+01
 1.26346632e+01
 1.28966331e+01
 1.34664021e+01
 1.40355427e+01
 1.42956271e+01
 1.40854204e+01
 1.34767656e+01
 1.27621516e+01
 1.23461135e+01
 1.25814022e+01
 1.36141085e+01
 1.53003768e+01
 1.72312689e+01
 1.88614801e+01
 1.96974898e+01
 1.94767586e+01
 1.82711303e+01
 1.64743997e+01
 1.46761963e+01
 1.34661495e+01
 1.32380548e+01
 1.40637570e+01
 1.56807179e+01
 1.75954188e+01
 1.92625570e+01
 2.02731969e+01
 2.04834856e+01
 2.00395174e+01
 1.92940467e+01
 1.86516125e+01
 1.84047083e+01
 1.86251819e+01
 1.91518034e+01
 1.96761507e+01
 1.98898020e+01
 1.96315288e+01
 1.89731810e+01
 1.82072549e+01
 1.77382933e+01
 1.79190554e+01
 1.88956409e+01
 2.05242030e+01
 2.23958134e+01
 2.39651774e+01
 2.47387851e+01
 2.44541078e+01
 2.31830008e+01
 2.13192708e+01
 1.94525595e+01
 1.81725091e+01
 1.78729283e+01
 1.86256754e+01
 2.01682263e+01
 2.20070765e+01
 2.35969384e+01
 2.45288915e+01
 2.46590987e+01
 2.41336702e+01
 2.33053770e+01
 2.25787750e+01
 2.22463748e+01
 2.23800420e+01
 2.28185647e+01
 2.32535391e+01
 2.33765625e+01
 2.30264252e+01
 2.22749967e+01
 2.14147934e+01
 2.08503782e+01
 2.09345309e+01
 2.18133720e+01
 2.33430762e+01
 2.51147367e+01
 2.65830808e+01
 2.72546206e+01
 2.68668503e+01
 2.54916480e+01
 2.35228435e+01
 2.15501020e+01
 2.01630896e+01
 1.97556389e+01
 2.03996326e+01
 2.18325712e+01
 2.35609752e+01
 2.50395819e+01
 2.58594965e+01
 2.58769073e+01
 2.52379504e+01
 2.42954230e+01
 2.34539073e+01
 2.30059405e+01
 2.30234150e+01
 2.33451457e+01
 2.36627561e+01
 2.36678708e+01
 2.31993078e+01
