   0.0000000e+00
   0.0000000e+00
  -1.4000000e+00
  -1.0800000e+01
  -1.0100000e+01
  -8.8000000e+00
  -9.5000000e+00
  -1.2000000e+01
  -1.4200000e+01
  -1.2800000e+01
  -1.1000000e+01
  -8.5000000e+00
  -8.5000000e+00
  -1.3100000e+01
  -1.7600000e+01
  -1.9400000e+01
  -1.6200000e+01
  -1.4400000e+01
  -1.0800000e+01
  -8.2000000e+00
  -4.2000000e+00
  -6.6000000e+00
  -1.3100000e+01
  -1.9000000e+01
  -1.9600000e+01
  -6.6000000e+00
   3.0000000e+00
   1.4100000e+01
  -4.9000000e+00
  -1.2800000e+01
  -1.4400000e+01
  -2.0300000e+01
  -2.6000000e+01
  -3.2500000e+01
  -3.0600000e+01
  -1.7200000e+01
  -1.9700000e+01
  -1.6300000e+01
  -1.6400000e+01
  -6.7000000e+00
   2.5000000e+00
   1.5000000e+01
   2.3600000e+01
   2.5200000e+01
   3.3600000e+01
   4.6300000e+01
   4.9200000e+01
   4.1900000e+01
   3.5900000e+01
   2.7100000e+01
   2.3500000e+01
   3.3900000e+01
   4.1200000e+01
   5.3000000e+01
   6.3900000e+01
   7.3200000e+01
   6.5200000e+01
   5.9900000e+01
   4.0000000e+01
   4.0000000e+01
   6.3000000e+00
  -5.1500000e+01
  -7.8700000e+01
  -6.0300000e+01
  -4.8400000e+01
  -2.5000000e+01
  -5.9000000e+00
   1.3400000e+01
   3.0800000e+01
   4.9900000e+01
   7.1000000e+01
   9.9500000e+01
   1.2190000e+02
   1.5290000e+02
   1.4490000e+02
   1.1550000e+02
   9.3500000e+01
   8.9200000e+01
   9.2600000e+01
   8.3900000e+01
   9.0100000e+01
   9.9300000e+01
   1.2090000e+02
   3.2800000e+01
  -1.4750000e+02
  -2.0660000e+02
  -1.9890000e+02
  -2.0340000e+02
  -1.8160000e+02
  -1.7250000e+02
  -1.7520000e+02
  -1.7530000e+02
  -1.8050000e+02
  -1.6300000e+02
  -1.3470000e+02
  -1.0870000e+02
  -7.8200000e+01
  -4.2900000e+01
  -1.7000000e+00
   3.6000000e+01
   7.8500000e+01
   1.1640000e+02
   1.5980000e+02
   1.9600000e+02
   2.4120000e+02
   2.7290000e+02
   3.0360000e+02
   3.2000000e+02
   3.4170000e+02
   2.8210000e+02
   2.3240000e+02
  -1.1980000e+02
  -2.3730000e+02
  -1.6400000e+02
  -1.8650000e+02
  -1.0950000e+02
  -7.5300000e+01
  -1.7300000e+01
   1.1300000e+01
   5.3300000e+01
   8.9500000e+01
   1.1860000e+02
   1.7570000e+02
   5.7600000e+01
  -2.6310000e+02
  -1.5470000e+02
  -1.7290000e+02
  -1.0120000e+02
  -5.7900000e+01
   2.3700000e+01
  -6.7000000e+01
  -1.9800000e+02
  -1.6410000e+02
  -1.6850000e+02
  -1.4810000e+02
  -1.2310000e+02
  -1.0010000e+02
  -7.5100000e+01
  -5.2300000e+01
  -2.7100000e+01
  -4.4000000e+00
   1.8800000e+01
  -9.5000000e+00
  -4.3300000e+01
  -8.3800000e+01
  -9.5100000e+01
  -7.1600000e+01
  -5.9900000e+01
  -3.3400000e+01
  -1.0800000e+01
   1.8500000e+01
   4.2000000e+01
   6.7300000e+01
  -9.7000000e+00
  -3.7200000e+01
  -4.0000000e+00
   1.1000000e+00
   3.4400000e+01
   5.6500000e+01
   8.8300000e+01
   1.1300000e+02
   1.3630000e+02
   2.1900000e+01
   2.4100000e+01
   6.8300000e+01
   6.8900000e+01
   1.3180000e+02
   1.3530000e+02
   2.0400000e+02
  -9.3100000e+01
  -1.3080000e+02
  -6.9200000e+01
  -5.4600000e+01
   7.2000000e+00
   6.7500000e+01
  -1.0670000e+02
  -1.4880000e+02
  -1.0710000e+02
  -1.1620000e+02
  -7.6200000e+01
  -5.5900000e+01
  -2.1500000e+01
  -1.2600000e+01
  -6.7400000e+01
  -3.2400000e+01
  -3.3700000e+01
  -1.0900000e+01
   1.7000000e+00
   2.9900000e+01
   4.8800000e+01
   6.0800000e+01
   2.2200000e+01
  -3.2000000e+00
  -2.4500000e+01
   7.7000000e+00
   2.1100000e+01
   5.6800000e+01
   8.2600000e+01
   1.2060000e+02
   1.4780000e+02
   1.7370000e+02
   4.2100000e+01
   2.9000000e+00
   2.5900000e+01
   2.9300000e+01
  -5.5000000e+00
  -1.4700000e+01
   1.4300000e+01
   2.0600000e+01
   4.9900000e+01
   6.4500000e+01
   9.5700000e+01
   1.1280000e+02
   1.4470000e+02
   1.6290000e+02
   1.9450000e+02
   1.8560000e+02
   1.9840000e+02
   1.7690000e+02
   1.2500000e+02
  -1.2070000e+02
  -5.4200000e+01
  -3.8400000e+01
  -3.1100000e+01
  -1.1180000e+02
  -1.6610000e+02
  -2.4640000e+02
  -2.0250000e+02
  -1.8350000e+02
  -1.3170000e+02
  -9.6000000e+01
  -3.2500000e+01
   1.5400000e+01
   8.1600000e+01
   1.3190000e+02
   1.8180000e+02
  -5.8000000e+00
  -1.6900000e+01
   2.8500000e+01
   4.4700000e+01
   9.8300000e+01
   1.4240000e+02
   1.8530000e+02
   2.4560000e+02
   1.6850000e+02
  -1.3800000e+02
  -9.9900000e+01
  -1.0890000e+02
  -9.0700000e+01
  -4.6900000e+01
  -1.2500000e+02
  -2.1110000e+02
  -1.6170000e+02
  -1.6920000e+02
  -1.3060000e+02
  -1.1110000e+02
  -7.7300000e+01
  -5.1000000e+01
  -5.4400000e+01
  -1.2000000e+02
  -1.2090000e+02
  -1.1580000e+02
  -1.1450000e+02
  -7.1700000e+01
  -5.4600000e+01
   6.4000000e+00
  -8.0400000e+01
  -1.6340000e+02
  -8.5900000e+01
  -9.6100000e+01
  -3.9600000e+01
  -1.4700000e+01
   3.1900000e+01
   6.4800000e+01
   8.7600000e+01
   4.7200000e+01
   1.9800000e+01
  -2.7000000e+00
   2.9200000e+01
   4.4500000e+01
   7.8500000e+01
   1.0330000e+02
   1.3520000e+02
   1.6060000e+02
   1.8610000e+02
   1.2810000e+02
   6.4000000e+01
   2.0400000e+01
   3.1400000e+01
   3.7300000e+01
   4.9600000e+01
   2.3500000e+01
  -8.4000000e+00
  -1.6800000e+01
  -1.1300000e+01
  -2.2900000e+01
  -2.4800000e+01
  -1.5700000e+01
  -6.9000000e+00
   1.4700000e+01
   3.7900000e+01
   5.7900000e+01
   2.5500000e+01
  -4.1000000e+00
  -4.2800000e+01
  -1.3300000e+01
   9.5000000e+00
   2.3000000e+01
  -1.2900000e+01
  -5.0000000e+00
   8.0000000e+00
   2.1000000e+01
   3.8000000e+01
   5.1000000e+01
   1.5700000e+01
  -3.2000000e+00
  -1.1100000e+01
   5.0000000e-01
   7.6000000e+00
   3.5000000e+00
  -9.5000000e+00
  -3.6000000e+00
  -1.6000000e+00
   3.8000000e+00
   8.5000000e+00
  -5.6000000e+00
  -3.0400000e+01
  -4.2100000e+01
  -2.4400000e+01
  -2.3600000e+01
  -1.7700000e+01
  -1.2900000e+01
  -1.8000000e+00
   2.0300000e+01
  -1.0800000e+01
  -9.1000000e+00
  -3.4000000e+00
  -1.0600000e+01
  -1.1100000e+01
  -9.9000000e+00
  -2.0000000e-01
   7.3000000e+00
   2.3500000e+01
   3.5500000e+01
   7.0500000e+01
   7.7900000e+01
   1.8400000e+01
  -2.6300000e+01
  -1.2400000e+01
  -4.2000000e+00
   1.5900000e+01
   4.8000000e+00
  -2.1900000e+01
  -4.6700000e+01
  -4.2800000e+01
  -2.1600000e+01
  -4.3000000e+00
   1.5900000e+01
   3.2000000e+01
   4.1900000e+01
   1.2300000e+01
  -1.6000000e+01
  -2.0400000e+01
  -8.2000000e+00
  -2.0600000e+01
  -1.3700000e+01
  -5.5000000e+00
   5.3000000e+00
   1.3400000e+01
   2.6600000e+01
   2.3200000e+01
   7.9000000e+00
  -8.0000000e-01
   2.0000000e+01
   4.3500000e+01
   4.9200000e+01
   1.9100000e+01
   9.2000000e+00
  -2.2000000e+00
  -2.1000000e+00
   5.2000000e+00
   9.3000000e+00
   2.5500000e+01
   3.6800000e+01
   5.2500000e+01
   5.4100000e+01
   4.2500000e+01
   3.9800000e+01
   5.5900000e+01
   7.5600000e+01
   3.6500000e+01
   4.1100000e+01
   9.8000000e+00
  -2.0400000e+01
  -2.4900000e+01
  -4.0500000e+01
  -4.1300000e+01
  -4.7100000e+01
  -4.3300000e+01
  -4.5800000e+01
  -5.7000000e+00
   1.7800000e+01
  -2.0800000e+01
  -4.9200000e+01
  -5.3000000e+01
  -3.6200000e+01
  -4.0500000e+01
  -3.0800000e+01
  -3.1600000e+01
  -2.6500000e+01
  -2.6500000e+01
  -2.6900000e+01
  -3.4500000e+01
  -3.0900000e+01
  -2.1700000e+01
  -7.8000000e+00
   8.7000000e+00
   2.8100000e+01
   3.1000000e+01
   3.5800000e+01
   3.4100000e+01
   3.5800000e+01
   2.8700000e+01
   3.0500000e+01
   1.1200000e+01
   2.1400000e+01
   1.3600000e+01
   3.8400000e+01
  -8.6100000e+01
  -1.3490000e+02
  -1.3420000e+02
  -1.3540000e+02
  -1.1930000e+02
  -1.0420000e+02
  -8.2900000e+01
  -6.5100000e+01
  -4.4400000e+01
  -2.5800000e+01
  -6.0000000e+00
  -9.1000000e+00
  -1.8200000e+01
  -1.4700000e+01
   8.5000000e+00
   1.6300000e+01
   5.0000000e+00
   2.6400000e+01
   5.8200000e+01
   8.6700000e+01
   1.2000000e+02
   1.6950000e+02
   1.1110000e+02
  -1.1000000e+02
  -3.6600000e+01
  -4.4500000e+01
  -2.3600000e+01
  -9.6000000e+01
  -6.5600000e+01
  -5.9700000e+01
  -6.7000000e+01
  -5.5200000e+01
  -2.7000000e+00
   3.7800000e+01
   1.0720000e+02
   1.6690000e+02
   9.4700000e+01
   4.0800000e+01
   6.6700000e+01
   1.3200000e+01
  -9.5000000e+00
  -5.2000000e+01
  -8.2700000e+01
  -1.1520000e+02
  -1.1500000e+02
  -8.0300000e+01
  -3.6900000e+01
   2.9000000e+00
   5.4500000e+01
   1.1780000e+02
   1.6100000e+02
  -2.7000000e+01
   3.4000000e+00
  -5.6000000e+00
   2.0000000e+00
   1.4600000e+01
   5.3700000e+01
   7.9800000e+01
  -2.0500000e+01
  -5.9000000e+01
  -1.6900000e+01
  -1.7500000e+01
  -2.8000000e+00
   7.4000000e+00
   3.8200000e+01
   5.6700000e+01
   7.5300000e+01
   8.0100000e+01
   5.9200000e+01
   3.0400000e+01
   2.3000000e+00
   6.4000000e+00
  -4.0600000e+01
  -4.5100000e+01
  -7.9000000e+00
   1.6800000e+01
   5.6700000e+01
   9.3000000e+00
  -5.5000000e+00
   4.4000000e+00
  -1.2300000e+01
  -2.8200000e+01
  -4.3700000e+01
  -3.5200000e+01
  -2.5500000e+01
  -1.1100000e+01
   2.0500000e+01
   5.1900000e+01
   8.5400000e+01
   1.1440000e+02
   7.3300000e+01
   2.3700000e+01
  -3.6800000e+01
  -2.7100000e+01
  -2.1700000e+01
  -8.7300000e+01
  -9.7300000e+01
  -5.8900000e+01
  -3.3600000e+01
   7.7000000e+00
   2.5900000e+01
   5.0800000e+01
   3.6100000e+01
   8.1000000e+00
  -5.6000000e+00
  -2.0900000e+01
  -3.1700000e+01
  -2.3800000e+01
  -3.7600000e+01
  -5.5000000e+01
  -7.2200000e+01
  -8.0300000e+01
  -5.2300000e+01
  -3.4000000e+01
  -1.1000000e+00
   6.5000000e+00
  -3.7000000e+00
  -5.0000000e-01
  -1.6800000e+01
  -4.1000000e+01
  -8.0000000e+00
   7.9000000e+00
   3.7400000e+01
   6.1500000e+01
   6.6500000e+01
   2.5400000e+01
  -5.7000000e+00
  -4.7400000e+01
  -3.5600000e+01
  -2.4300000e+01
  -4.8000000e+00
   1.2600000e+01
   3.7900000e+01
   2.4100000e+01
  -2.2700000e+01
  -4.2800000e+01
  -6.7900000e+01
  -6.6100000e+01
  -5.9000000e+01
  -5.1300000e+01
  -4.0800000e+01
  -3.0900000e+01
  -2.6600000e+01
  -5.4100000e+01
  -6.2800000e+01
  -9.0800000e+01
  -1.1070000e+02
  -8.8100000e+01
  -7.7000000e+01
  -5.8200000e+01
  -4.7300000e+01
  -3.3300000e+01
  -1.9900000e+01
   2.0000000e+00
   2.1100000e+01
   4.3200000e+01
   6.1300000e+01
   7.6700000e+01
   9.3300000e+01
   1.0660000e+02
   1.1300000e+02
   1.1870000e+02
   1.2470000e+02
   1.3340000e+02
   1.5940000e+02
   1.7970000e+02
   2.0370000e+02
   1.2360000e+02
   4.4200000e+01
  -1.4000000e+01
  -6.6600000e+01
  -5.5500000e+01
  -6.9300000e+01
  -9.8400000e+01
  -1.2460000e+02
  -1.1790000e+02
  -1.0500000e+02
  -9.2000000e+01
  -7.4300000e+01
  -8.0900000e+01
  -8.5000000e+01
  -8.6000000e+01
  -8.6300000e+01
  -8.7300000e+01
  -8.6800000e+01
  -8.8500000e+01
  -5.3700000e+01
   5.2000000e+00
   2.1500000e+01
   2.4500000e+01
   5.8000000e+01
   3.1400000e+01
   2.3600000e+01
   4.8500000e+01
   5.8900000e+01
   5.2500000e+01
   3.5500000e+01
   1.9700000e+01
   1.9900000e+01
   4.9200000e+01
   3.4300000e+01
   2.8800000e+01
   4.3200000e+01
   2.3900000e+01
   8.8000000e+00
   7.7000000e+00
  -1.4800000e+01
  -7.7000000e+00
  -1.9000000e+00
   7.5000000e+00
   4.4000000e+00
  -1.4500000e+01
  -3.1600000e+01
  -2.4100000e+01
  -2.8000000e+00
   1.8200000e+01
   4.2600000e+01
   4.3900000e+01
   5.1200000e+01
   4.6600000e+01
   4.7900000e+01
   1.9300000e+01
   2.2200000e+01
   2.7400000e+01
   3.9300000e+01
   5.0400000e+01
   5.7700000e+01
   5.8800000e+01
   8.2200000e+01
   7.9700000e+01
   9.4900000e+01
   3.4500000e+01
   4.5000000e+00
  -1.2300000e+01
  -3.4700000e+01
  -4.2600000e+01
  -4.1600000e+01
  -2.7500000e+01
  -2.7000000e+01
   7.4000000e+00
   4.2800000e+01
  -2.3100000e+01
  -3.8700000e+01
  -8.3000000e+00
   1.3900000e+01
   4.4500000e+01
   2.7000000e+00
  -6.9700000e+01
  -7.9600000e+01
  -2.5100000e+01
  -1.3500000e+01
   7.9000000e+00
  -1.1500000e+01
  -2.5100000e+01
  -3.3300000e+01
  -2.6900000e+01
  -3.0100000e+01
  -2.0000000e+01
  -6.7000000e+00
  -3.8000000e+00
   1.0500000e+01
   2.9600000e+01
   3.4400000e+01
   9.5700000e+01
   8.9800000e+01
   1.7900000e+01
  -3.6200000e+01
  -9.9400000e+01
  -8.0700000e+01
  -7.4400000e+01
  -5.3900000e+01
  -3.3000000e+01
  -1.2800000e+01
   3.1000000e+00
   1.4800000e+01
   5.0800000e+01
  -2.2000000e+00
  -4.8900000e+01
  -3.5800000e+01
  -6.9100000e+01
  -5.1600000e+01
  -3.7100000e+01
   8.8000000e+00
   6.3200000e+01
   8.4100000e+01
   1.2760000e+02
   1.3880000e+02
   1.1930000e+02
   7.5100000e+01
   2.2500000e+01
  -8.8000000e+00
  -2.2700000e+01
   7.4000000e+00
   1.8100000e+01
   5.4400000e+01
   3.9900000e+01
   4.5000000e+00
  -8.2000000e+00
  -1.8500000e+01
  -2.0000000e+00
   6.0000000e-01
  -1.1700000e+01
  -2.1000000e+01
  -3.0300000e+01
  -5.1200000e+01
  -7.2700000e+01
  -5.7900000e+01
  -2.6600000e+01
  -1.7800000e+01
   4.0000000e+00
   9.8000000e+00
   1.3700000e+01
   2.2100000e+01
   4.3700000e+01
   9.1000000e+00
  -5.4800000e+01
  -5.5500000e+01
  -2.4300000e+01
  -8.1000000e+00
   2.5000000e+01
   4.1000000e+01
   1.8200000e+01
  -2.7000000e+00
  -2.4300000e+01
  -1.5000000e+00
   2.4700000e+01
   4.8200000e+01
   7.8300000e+01
   6.2200000e+01
   3.3100000e+01
  -1.4000000e+00
  -1.9500000e+01
  -2.4700000e+01
  -2.1200000e+01
  -1.1000000e+01
   5.0000000e+00
   2.4100000e+01
  -3.4000000e+00
  -2.1600000e+01
  -4.7100000e+01
  -3.6300000e+01
  -1.9500000e+01
  -1.8000000e+00
   1.7000000e+01
  -8.0000000e+00
   5.0000000e-01
   2.3000000e+01
   3.7400000e+01
   6.0100000e+01
   5.1600000e+01
   4.3200000e+01
   3.4400000e+01
   5.0500000e+01
   6.5300000e+01
   6.8300000e+01
   1.7200000e+01
  -1.7000000e+01
  -5.2700000e+01
  -6.6400000e+01
  -3.8700000e+01
  -2.2200000e+01
  -3.3000000e+00
   1.1900000e+01
  -1.2800000e+01
  -3.5100000e+01
  -5.1400000e+01
  -3.3500000e+01
  -2.1800000e+01
  -1.2000000e+00
   1.4200000e+01
   7.0000000e+00
  -6.3000000e+00
  -1.2000000e+01
  -3.2200000e+01
  -3.4600000e+01
  -9.1000000e+00
   7.3000000e+00
   3.0900000e+01
   4.7200000e+01
   6.0300000e+01
   5.7600000e+01
   3.3000000e+01
  -7.3000000e+00
  -7.7700000e+01
  -6.0800000e+01
  -4.3800000e+01
  -2.0900000e+01
   3.1000000e+00
   3.5000000e+01
   2.9300000e+01
   1.2100000e+01
   3.3800000e+01
   3.1700000e+01
   2.5400000e+01
   2.0600000e+01
   1.9800000e+01
   1.7400000e+01
   2.1000000e+00
  -1.4400000e+01
  -3.4300000e+01
  -3.3900000e+01
  -1.4500000e+01
  -2.8000000e+00
   1.7000000e+01
  -9.6000000e+00
  -2.5500000e+01
  -2.7900000e+01
  -3.8800000e+01
  -2.4200000e+01
  -2.1500000e+01
  -1.8200000e+01
  -1.7400000e+01
  -3.8000000e+00
  -2.7000000e+00
  -1.8500000e+01
  -1.2300000e+01
   8.7000000e+00
   3.4300000e+01
   6.9500000e+01
   9.1000000e+01
   8.5300000e+01
   7.6000000e+01
   5.1300000e+01
   1.8600000e+01
   1.5000000e+00
  -1.9000000e+01
  -1.5100000e+01
  -7.3000000e+00
   2.1000000e+00
   1.2900000e+01
   2.1500000e+01
   2.4000000e+00
  -1.2400000e+01
  -3.2900000e+01
  -5.1900000e+01
  -7.0800000e+01
  -5.7900000e+01
  -4.6200000e+01
  -3.0700000e+01
  -1.4500000e+01
  -9.0000000e-01
  -1.8000000e+01
  -3.1800000e+01
  -4.6500000e+01
  -3.9100000e+01
  -3.4500000e+01
  -3.1600000e+01
  -4.3500000e+01
  -4.9100000e+01
  -4.7500000e+01
  -4.2000000e+01
  -3.6100000e+01
  -2.7700000e+01
  -2.5800000e+01
  -1.3900000e+01
  -6.8000000e+00
   5.0700000e+01
   7.2200000e+01
   8.7800000e+01
   7.8200000e+01
   7.6500000e+01
   4.3900000e+01
   8.0000000e+00
   1.3000000e+00
  -1.2600000e+01
  -1.5000000e+00
   3.0000000e+00
   1.0400000e+01
   1.0400000e+01
   1.9300000e+01
   2.0500000e+01
   7.4000000e+00
  -5.6000000e+00
  -7.2000000e+00
   7.0000000e+00
   1.0600000e+01
   1.4700000e+01
  -9.0000000e-01
  -1.5900000e+01
  -1.8700000e+01
  -7.0000000e-01
   1.5500000e+01
   1.0500000e+01
  -1.1500000e+01
  -3.0200000e+01
  -3.0900000e+01
  -9.5000000e+00
  -5.8000000e+00
   4.0000000e-01
   2.0000000e+00
   5.0000000e+00
   5.7000000e+00
   9.7000000e+00
   1.3400000e+01
   1.7700000e+01
   2.1800000e+01
   2.6100000e+01
   3.0200000e+01
   3.4600000e+01
   3.8600000e+01
   4.7400000e+01
   3.9300000e+01
   2.3800000e+01
   1.1500000e+01
  -7.9000000e+00
  -1.2400000e+01
   5.4000000e+00
   2.7000000e+00
  -2.5000000e+01
  -5.6600000e+01
  -6.3000000e+01
  -5.9100000e+01
  -4.1300000e+01
  -6.8000000e+00
   2.7200000e+01
   2.7700000e+01
  -2.1000000e+00
  -6.0000000e+00
  -1.1000000e+01
  -2.2100000e+01
  -4.1600000e+01
  -5.1900000e+01
  -2.2200000e+01
   3.0000000e+00
   7.9000000e+00
   1.3900000e+01
   1.7100000e+01
   2.5300000e+01
   3.2300000e+01
   3.9100000e+01
   1.6400000e+01
  -1.3600000e+01
  -3.2300000e+01
  -2.9100000e+01
  -2.8700000e+01
  -3.0400000e+01
  -3.3900000e+01
  -2.4500000e+01
  -7.6000000e+00
   1.2500000e+01
   3.7600000e+01
   4.0200000e+01
   2.4500000e+01
   1.5600000e+01
  -4.0000000e+00
  -1.5300000e+01
  -2.8900000e+01
  -3.1600000e+01
  -1.1100000e+01
   9.4000000e+00
   3.3500000e+01
   5.7600000e+01
   4.2400000e+01
   1.4300000e+01
  -7.0000000e-01
  -1.3500000e+01
  -2.7000000e+01
  -3.4100000e+01
  -3.5700000e+01
  -3.9600000e+01
  -4.0200000e+01
  -4.8800000e+01
  -4.8000000e+01
  -4.0600000e+01
  -4.0700000e+01
  -3.5100000e+01
  -1.8700000e+01
  -5.7000000e+00
   4.4000000e+00
  -1.9000000e+00
  -7.2000000e+00
  -1.6900000e+01
  -1.1500000e+01
   1.2600000e+01
   3.5800000e+01
   6.5400000e+01
   7.1600000e+01
   7.6200000e+01
   7.3900000e+01
   6.2800000e+01
   4.8400000e+01
   2.6400000e+01
  -4.4000000e+00
  -2.8800000e+01
  -3.8400000e+01
  -4.9200000e+01
  -4.2800000e+01
  -4.1600000e+01
  -2.7600000e+01
  -5.2000000e+00
   2.3700000e+01
   4.2600000e+01
   6.0400000e+01
   4.5200000e+01
   2.8400000e+01
   1.2600000e+01
  -5.4000000e+00
  -2.7500000e+01
  -4.2300000e+01
  -1.7500000e+01
   1.0000000e-01
   2.5400000e+01
   4.8100000e+01
   6.4100000e+01
   5.5400000e+01
   4.1300000e+01
   1.8400000e+01
  -4.8000000e+00
  -3.0300000e+01
  -5.3100000e+01
  -7.0800000e+01
  -9.2800000e+01
  -8.6300000e+01
  -6.3100000e+01
  -3.7600000e+01
   8.7000000e+00
   3.0900000e+01
   5.8900000e+01
   6.1400000e+01
   3.8500000e+01
   3.5100000e+01
   3.1100000e+01
   2.4600000e+01
   1.9000000e+00
  -1.9800000e+01
  -1.5800000e+01
  -1.5000000e+00
   9.9000000e+00
   2.8600000e+01
   4.0800000e+01
   5.6300000e+01
   5.3100000e+01
   3.1400000e+01
   1.6500000e+01
  -2.4000000e+00
  -1.8900000e+01
  -2.7600000e+01
  -3.7100000e+01
  -4.5000000e+01
  -5.3400000e+01
  -4.8300000e+01
  -3.7900000e+01
  -2.9600000e+01
  -1.9600000e+01
  -1.8400000e+01
  -1.5900000e+01
  -1.1900000e+01
  -5.3000000e+00
   2.0000000e-01
   5.9000000e+00
  -2.3000000e+00
  -1.1200000e+01
  -2.0500000e+01
  -3.2200000e+01
  -3.8800000e+01
  -3.4100000e+01
  -2.8700000e+01
  -3.2800000e+01
  -4.0700000e+01
  -4.8700000e+01
  -5.6300000e+01
  -6.4400000e+01
  -5.5500000e+01
  -4.4600000e+01
  -8.0000000e-01
   2.5300000e+01
   4.1100000e+01
   6.4400000e+01
   5.7900000e+01
   4.7400000e+01
   3.8400000e+01
   3.8500000e+01
   3.4000000e+01
   3.5700000e+01
   8.0000000e-01
  -2.5400000e+01
  -4.6000000e+01
  -4.7100000e+01
  -2.2200000e+01
  -6.5000000e+00
   1.6400000e+01
   3.5500000e+01
   5.0400000e+01
   3.7100000e+01
   2.8000000e+01
   1.5800000e+01
   4.1000000e+00
  -2.7000000e+00
   2.1000000e+00
   4.4000000e+00
   9.9000000e+00
   1.3500000e+01
   9.4000000e+00
   5.8000000e+00
   2.2000000e+00
  -3.1000000e+00
  -3.1000000e+00
   4.0000000e-01
  -2.5000000e+00
  -1.2400000e+01
  -2.3500000e+01
  -4.0600000e+01
  -5.3000000e+01
  -7.0100000e+01
  -3.2300000e+01
  -5.2000000e+00
   9.4000000e+00
   3.2800000e+01
   4.7800000e+01
   5.0900000e+01
   3.5800000e+01
   3.4200000e+01
   3.0600000e+01
   2.8500000e+01
   2.6300000e+01
   1.6800000e+01
  -5.0000000e-01
  -2.1200000e+01
  -3.6500000e+01
  -3.1000000e+01
  -2.9700000e+01
  -2.8000000e+01
  -2.3700000e+01
  -2.6600000e+01
  -3.0800000e+01
  -3.6600000e+01
  -3.5700000e+01
  -3.0800000e+01
  -1.9300000e+01
   1.9000000e+00
   1.9600000e+01
   1.6000000e+01
   1.2900000e+01
   1.4000000e+01
   1.1000000e+01
   1.0800000e+01
   9.2000000e+00
   8.9000000e+00
   1.9000000e+00
  -1.3100000e+01
  -2.4700000e+01
  -4.3600000e+01
  -4.3200000e+01
  -3.0000000e+01
  -1.9200000e+01
  -4.8000000e+00
   9.7000000e+00
   1.6800000e+01
   1.4800000e+01
   1.7300000e+01
   7.8000000e+00
  -5.8000000e+00
  -2.1500000e+01
  -2.3400000e+01
   6.0000000e+00
   2.6200000e+01
   2.6900000e+01
   8.4000000e+00
  -4.1000000e+00
  -2.2700000e+01
  -7.6000000e+00
   3.1000000e+00
   1.8200000e+01
   3.1000000e+01
   4.7900000e+01
   4.5900000e+01
   1.6600000e+01
  -5.8000000e+00
  -3.9600000e+01
  -4.4400000e+01
  -2.4100000e+01
  -1.0100000e+01
   2.1700000e+01
   2.6100000e+01
   1.2100000e+01
   8.0000000e-01
  -1.6800000e+01
  -3.8200000e+01
  -5.6600000e+01
  -7.8100000e+01
  -6.1900000e+01
  -2.5600000e+01
   4.4000000e+00
   4.5600000e+01
   7.8300000e+01
   1.1030000e+02
   9.5300000e+01
   4.8900000e+01
   1.2200000e+01
  -3.8700000e+01
  -8.4600000e+01
  -1.2260000e+02
  -8.6400000e+01
  -6.1600000e+01
  -2.2800000e+01
   1.5000000e+01
   4.7700000e+01
   3.2300000e+01
   2.4800000e+01
   9.5000000e+00
   2.2700000e+01
   3.3800000e+01
   5.0500000e+01
   5.9400000e+01
   5.1900000e+01
   5.5200000e+01
   5.9500000e+01
   6.1700000e+01
   5.9300000e+01
   4.6600000e+01
   1.5800000e+01
  -7.7000000e+00
  -2.3000000e+01
  -3.0300000e+01
  -3.2900000e+01
  -3.6400000e+01
  -4.9000000e+01
  -6.6000000e+01
  -7.2300000e+01
  -7.8400000e+01
  -8.4600000e+01
  -5.6600000e+01
  -2.0900000e+01
   1.2800000e+01
   3.8100000e+01
   4.8800000e+01
   3.6300000e+01
   2.5000000e+01
   1.5800000e+01
   3.7700000e+01
   5.9400000e+01
   6.3000000e+01
   3.7000000e+01
   2.1700000e+01
   4.0000000e+00
   2.3000000e+00
  -6.2000000e+00
  -2.8600000e+01
  -3.8000000e+01
  -4.5700000e+01
  -5.0500000e+01
  -7.7700000e+01
  -6.2800000e+01
  -1.8900000e+01
   1.8900000e+01
   5.0900000e+01
   7.4400000e+01
   7.4900000e+01
   5.6200000e+01
   4.5500000e+01
   5.2500000e+01
   6.3500000e+01
   7.3100000e+01
   8.5100000e+01
   9.2700000e+01
   9.7500000e+01
   9.2900000e+01
   8.1400000e+01
   2.6400000e+01
  -2.8900000e+01
  -9.0100000e+01
  -1.3640000e+02
  -8.5900000e+01
  -4.6800000e+01
   8.1000000e+00
   5.9400000e+01
   8.2300000e+01
   5.5600000e+01
   3.0100000e+01
  -1.1000000e+00
  -3.8000000e+01
  -3.4700000e+01
  -2.0000000e+00
   1.8000000e+01
   6.3300000e+01
   1.0130000e+02
   1.1220000e+02
   1.1070000e+02
   9.4000000e+01
   8.0500000e+01
   6.0800000e+01
   5.0800000e+01
   2.0600000e+01
  -2.0100000e+01
  -5.7200000e+01
  -1.0210000e+02
  -1.3320000e+02
  -1.2250000e+02
  -1.2070000e+02
  -1.0060000e+02
  -7.6200000e+01
  -5.4800000e+01
  -4.8900000e+01
  -4.0500000e+01
  -2.9100000e+01
  -1.7600000e+01
  -1.4100000e+01
  -9.8000000e+00
  -5.0000000e+00
   1.9000000e+00
   8.0000000e+00
   3.5000000e+00
  -2.9000000e+00
  -6.1000000e+00
  -3.4000000e+00
  -1.3000000e+00
   7.6000000e+00
   2.0500000e+01
   3.2700000e+01
   4.5000000e+01
   5.7700000e+01
   5.6200000e+01
   4.6400000e+01
   3.0000000e+01
   1.0700000e+01
  -4.0000000e-01
  -3.3000000e+00
  -6.9000000e+00
  -1.0100000e+01
  -2.0100000e+01
  -1.8800000e+01
   2.5000000e+00
   1.3400000e+01
   2.4300000e+01
   2.6600000e+01
   2.6500000e+01
   1.5500000e+01
  -1.9000000e+00
  -9.5000000e+00
  -2.1600000e+01
  -1.6700000e+01
  -1.2000000e+01
  -6.4000000e+00
  -1.2900000e+01
  -1.6300000e+01
  -1.9300000e+01
  -2.4200000e+01
  -2.3600000e+01
  -1.7500000e+01
  -1.2400000e+01
  -1.8500000e+01
  -2.6500000e+01
  -3.2300000e+01
  -3.3600000e+01
  -4.5400000e+01
  -4.3000000e+01
  -3.3400000e+01
  -2.1300000e+01
  -6.9000000e+00
   3.0000000e+00
   3.0000000e-01
  -9.3000000e+00
  -8.9000000e+00
  -1.5000000e+01
  -1.6400000e+01
  -2.3800000e+01
  -3.2300000e+01
  -4.2100000e+01
  -4.5700000e+01
  -3.9700000e+01
  -3.4900000e+01
  -2.5800000e+01
  -1.7200000e+01
  -2.0000000e+00
   1.5600000e+01
   2.8400000e+01
   3.6200000e+01
   3.5400000e+01
   2.6900000e+01
   1.0100000e+01
  -4.5000000e+00
  -1.2500000e+01
  -2.4500000e+01
  -2.2900000e+01
  -1.2600000e+01
  -6.8000000e+00
   1.8000000e+00
   9.3000000e+00
   2.0000000e+01
   2.8600000e+01
   3.6500000e+01
   3.1100000e+01
   1.8100000e+01
   2.4000000e+00
  -1.5600000e+01
  -3.1900000e+01
  -2.1900000e+01
  -1.1800000e+01
   1.5000000e+00
   1.5300000e+01
   2.9800000e+01
   2.4300000e+01
   1.3600000e+01
   1.0200000e+01
   2.4000000e+00
  -1.0000000e+00
  -2.3000000e+00
  -3.6000000e+00
  -4.8000000e+00
  -8.9000000e+00
  -1.5500000e+01
  -1.4800000e+01
  -7.6000000e+00
   0.0000000e+00
  -2.0000000e+00
  -1.4800000e+01
  -2.2500000e+01
  -3.7400000e+01
  -3.6500000e+01
  -2.5100000e+01
  -1.6400000e+01
  -1.4000000e+00
   1.5300000e+01
   3.0200000e+01
   3.9300000e+01
   4.0600000e+01
   3.8500000e+01
   3.2900000e+01
   1.8300000e+01
   1.2500000e+01
   7.0000000e+00
  -1.0000000e-01
  -6.8000000e+00
  -1.3000000e+01
  -1.2800000e+01
  -1.1500000e+01
  -1.0200000e+01
  -8.4000000e+00
  -1.4100000e+01
  -2.0500000e+01
  -2.6900000e+01
  -3.5000000e+01
  -3.5900000e+01
  -2.9700000e+01
  -2.2700000e+01
   1.8000000e+00
   9.9000000e+00
   2.0300000e+01
   2.5600000e+01
   1.9900000e+01
   1.6000000e+01
   1.0700000e+01
   1.5600000e+01
   1.9800000e+01
   2.4200000e+01
   1.4100000e+01
   5.5000000e+00
  -6.6000000e+00
  -9.7000000e+00
  -2.6000000e+00
   1.6000000e+00
   1.0000000e+01
   9.4000000e+00
   3.9000000e+00
   0.0000000e+00
  -6.6000000e+00
  -9.9000000e+00
  -1.0900000e+01
  -1.1500000e+01
  -1.3100000e+01
  -1.6800000e+01
  -1.9900000e+01
  -1.0400000e+01
  -1.0000000e+00
   5.5000000e+00
   1.2900000e+01
   2.0000000e+01
   1.9900000e+01
   1.6900000e+01
   1.4300000e+01
   1.0900000e+01
   1.2800000e+01
   1.5200000e+01
   1.3700000e+01
   1.1700000e+01
   9.7000000e+00
   6.0000000e+00
  -2.8000000e+00
  -5.0000000e+00
  -8.4000000e+00
  -1.7800000e+01
  -3.2100000e+01
  -4.2000000e+01
  -5.1800000e+01
  -4.7200000e+01
  -3.9400000e+01
  -2.9000000e+01
  -1.1000000e+01
   5.0000000e+00
   1.3200000e+01
   1.5700000e+01
   1.7700000e+01
   1.9500000e+01
   2.5500000e+01
   3.3100000e+01
   3.2800000e+01
   2.5200000e+01
   1.7300000e+01
   4.5000000e+00
  -8.5000000e+00
  -1.9000000e+01
  -2.2900000e+01
  -3.0400000e+01
  -2.7700000e+01
  -2.2700000e+01
  -1.7400000e+01
  -1.2100000e+01
  -1.2600000e+01
  -1.2900000e+01
  -8.0000000e+00
  -2.6000000e+00
   3.9000000e+00
   6.5000000e+00
   5.5000000e+00
   5.0000000e+00
   6.4000000e+00
   1.2600000e+01
   1.7900000e+01
   2.4300000e+01
   3.0700000e+01
   2.9800000e+01
   2.5100000e+01
   2.1600000e+01
   1.6300000e+01
   1.9200000e+01
   2.3400000e+01
   2.8200000e+01
   3.0100000e+01
   1.9600000e+01
   1.0600000e+01
  -3.9000000e+00
  -1.6300000e+01
  -3.2200000e+01
  -3.3500000e+01
  -2.1900000e+01
  -1.4800000e+01
  -1.0000000e+00
   1.1000000e+00
  -5.3000000e+00
  -1.0100000e+01
  -1.2600000e+01
  -1.4300000e+01
  -1.2900000e+01
  -1.0400000e+01
  -7.1000000e+00
  -1.8000000e+00
   3.3000000e+00
   8.5000000e+00
   1.5800000e+01
   2.3900000e+01
   3.1900000e+01
   3.4100000e+01
   3.1800000e+01
   2.1300000e+01
   7.3000000e+00
   9.0000000e-01
  -1.5000000e+00
  -4.7000000e+00
  -7.5000000e+00
  -1.2100000e+01
  -1.5600000e+01
  -1.1600000e+01
  -5.6000000e+00
  -6.0000000e-01
  -3.0000000e-01
  -3.0000000e-01
   1.4000000e+00
   4.6000000e+00
   7.2000000e+00
   8.6000000e+00
   9.8000000e+00
   1.2400000e+01
   1.4700000e+01
   1.7200000e+01
   2.0000000e+01
   2.5600000e+01
   3.1700000e+01
   2.8700000e+01
   2.3100000e+01
   1.0500000e+01
  -1.0000000e-01
  -1.1000000e+00
  -3.6000000e+00
  -5.3000000e+00
  -8.3000000e+00
  -5.2000000e+00
  -7.0000000e-01
   3.7000000e+00
   9.6000000e+00
   1.5500000e+01
   2.0500000e+01
   1.4300000e+01
   7.3000000e+00
   2.1000000e+00
  -2.2000000e+00
  -7.0000000e+00
  -1.0000000e+01
  -7.5000000e+00
  -5.4000000e+00
  -2.9000000e+00
  -1.5000000e+00
   0.0000000e+00
  -1.0000000e-01
  -6.0000000e-01
  -1.1000000e+00
  -1.0000000e+00
  -3.0000000e-01
   1.0000000e-01
   1.6000000e+00
   5.3000000e+00
   8.6000000e+00
   1.2600000e+01
   1.5400000e+01
   1.3100000e+01
   1.0200000e+01
   5.6000000e+00
   6.0000000e-01
  -4.0000000e+00
  -9.8000000e+00
  -9.6000000e+00
  -4.6000000e+00
  -7.0000000e-01
   3.1000000e+00
   4.5000000e+00
   6.8000000e+00
   5.2000000e+00
   4.5000000e+00
   1.8000000e+00
  -2.0000000e-01
  -2.9000000e+00
  -2.8000000e+00
  -1.7000000e+00
  -6.0000000e-01
  -5.0000000e-01
  -1.7000000e+00
  -2.2000000e+00
  -3.6000000e+00
  -3.2000000e+00
  -7.0000000e-01
   1.4000000e+00
   4.1000000e+00
   6.5000000e+00
   6.3000000e+00
   5.2000000e+00
   6.0000000e-01
  -4.5000000e+00
  -7.6000000e+00
  -6.4000000e+00
  -6.5000000e+00
  -1.0700000e+01
  -1.6100000e+01
  -1.7400000e+01
  -1.1700000e+01
  -7.0000000e+00
  -3.6000000e+00
  -2.5000000e+00
  -2.0000000e-01
   4.0000000e-01
   3.6000000e+00
   8.2000000e+00
   1.1500000e+01
   7.0000000e+00
   3.8000000e+00
  -1.0000000e+00
  -2.5000000e+00
  -3.4000000e+00
  -4.1000000e+00
  -4.5000000e+00
  -6.5000000e+00
  -1.2000000e+01
  -1.1700000e+01
  -1.0800000e+01
  -9.8000000e+00
  -8.1000000e+00
  -7.6000000e+00
  -1.1000000e+01
  -1.3800000e+01
  -1.6600000e+01
  -1.4400000e+01
  -1.3000000e+01
  -1.1100000e+01
  -1.0800000e+01
  -9.8000000e+00
  -9.8000000e+00
  -6.3000000e+00
  -2.0000000e-01
   5.4000000e+00
   1.1000000e+01
   1.5200000e+01
   1.9700000e+01
   1.7000000e+01
   1.4000000e+01
   1.0300000e+01
   6.4000000e+00
   1.0000000e+00
  -6.7000000e+00
  -1.0500000e+01
  -1.2200000e+01
  -1.3800000e+01
  -1.6600000e+01
  -2.1500000e+01
  -2.6900000e+01
  -2.7400000e+01
  -2.1700000e+01
  -1.7800000e+01
  -1.1600000e+01
  -6.1000000e+00
   0.0000000e+00
   5.4000000e+00
   9.9000000e+00
   1.4400000e+01
   1.8700000e+01
   2.3200000e+01
   2.6200000e+01
   2.5500000e+01
   2.2700000e+01
   1.7100000e+01
   1.2700000e+01
   5.4000000e+00
  -4.7000000e+00
  -1.4900000e+01
  -2.1000000e+01
  -2.5400000e+01
  -2.5200000e+01
  -2.4500000e+01
  -2.2600000e+01
  -1.7900000e+01
  -1.3600000e+01
  -8.2000000e+00
  -1.4000000e+00
   4.4000000e+00
   8.9000000e+00
   9.7000000e+00
   1.0000000e+01
   1.0000000e+01
   1.0400000e+01
   1.3600000e+01
   1.2100000e+01
   1.0000000e+01
   7.2000000e+00
   1.9000000e+00
  -2.8000000e+00
  -8.3000000e+00
  -1.3100000e+01
  -1.9000000e+01
  -1.9400000e+01
  -1.3900000e+01
  -1.0000000e+01
  -4.4000000e+00
  -4.4000000e+00
  -4.0000000e+00
  -4.5000000e+00
  -4.9000000e+00
  -3.9000000e+00
  -2.1000000e+00
  -2.2000000e+00
  -1.6000000e+00
  -1.6000000e+00
  -1.2000000e+00
  -1.2000000e+00
   2.8000000e+00
   6.8000000e+00
   1.1500000e+01
   9.6000000e+00
   5.6000000e+00
   1.7000000e+00
  -3.1000000e+00
  -7.8000000e+00
  -9.2000000e+00
  -9.2000000e+00
  -9.5000000e+00
  -9.2000000e+00
  -8.6000000e+00
  -5.2000000e+00
  -2.2000000e+00
   1.4000000e+00
   3.8000000e+00
   3.4000000e+00
   3.4000000e+00
   2.9000000e+00
   4.0000000e+00
   5.4000000e+00
   6.7000000e+00
   8.5000000e+00
   8.7000000e+00
   7.7000000e+00
   7.0000000e+00
   6.1000000e+00
   7.5000000e+00
   8.7000000e+00
   1.0200000e+01
   1.1100000e+01
   9.0000000e+00
   7.5000000e+00
   5.3000000e+00
   6.2000000e+00
   7.9000000e+00
   9.7000000e+00
   1.1800000e+01
   1.3500000e+01
   1.0500000e+01
   7.7000000e+00
   4.4000000e+00
   1.2000000e+00
  -2.1000000e+00
  -4.2000000e+00
  -6.8000000e+00
  -8.7000000e+00
  -1.2000000e+01
  -1.5900000e+01
  -1.9800000e+01
  -2.3300000e+01
  -2.5800000e+01
  -2.7000000e+01
  -2.7800000e+01
  -2.8700000e+01
  -2.7800000e+01
  -2.7000000e+01
  -2.5800000e+01
  -2.5100000e+01
  -2.1900000e+01
  -1.7300000e+01
  -1.2900000e+01
  -1.0900000e+01
  -1.0500000e+01
  -9.5000000e+00
  -9.1000000e+00
  -7.2000000e+00
  -5.9000000e+00
  -4.0000000e+00
  -2.3000000e+00
   1.8000000e+00
   3.5000000e+00
   4.2000000e+00
   4.8000000e+00
   4.3000000e+00
   4.3000000e+00
   3.8000000e+00
   3.6000000e+00
   3.2000000e+00
   4.7000000e+00
   6.3000000e+00
   8.5000000e+00
   1.1000000e+01
   1.3400000e+01
   1.6000000e+01
   1.8100000e+01
   1.7300000e+01
   1.6800000e+01
   1.5900000e+01
   1.4700000e+01
   1.0800000e+01
   6.8000000e+00
   3.2000000e+00
   9.0000000e-01
   1.9000000e+00
   2.8000000e+00
   4.0000000e+00
   5.4000000e+00
   6.9000000e+00
   9.5000000e+00
   1.1700000e+01
   1.4300000e+01
   1.4300000e+01
   1.2500000e+01
   1.2200000e+01
   1.2400000e+01
   1.2600000e+01
   1.3000000e+01
   1.3300000e+01
   1.0600000e+01
   7.9000000e+00
   4.6000000e+00
   2.0000000e+00
   5.0000000e-01
  -1.1000000e+00
  -2.5000000e+00
  -1.1000000e+00
   1.8000000e+00
   4.3000000e+00
   7.6000000e+00
   1.0300000e+01
   1.3300000e+01
   1.0100000e+01
   6.2000000e+00
   1.8000000e+00
  -2.7000000e+00
  -8.0000000e+00
  -8.9000000e+00
  -5.4000000e+00
  -3.0000000e+00
   6.0000000e-01
   1.2000000e+00
   2.2000000e+00
   2.7000000e+00
   3.2000000e+00
   4.8000000e+00
   6.9000000e+00
   8.9000000e+00
   1.1200000e+01
   1.3300000e+01
   1.4000000e+01
   1.3700000e+01
   1.4000000e+01
   1.3500000e+01
   1.3900000e+01
   1.0200000e+01
   3.0000000e+00
  -3.2000000e+00
  -6.3000000e+00
  -8.5000000e+00
  -1.1200000e+01
  -1.5700000e+01
  -1.9700000e+01
  -1.8800000e+01
  -1.8200000e+01
  -1.7000000e+01
  -1.5600000e+01
  -1.4200000e+01
  -1.2900000e+01
  -1.2500000e+01
  -1.2000000e+01
  -1.1600000e+01
  -1.1400000e+01
  -1.0600000e+01
  -6.4000000e+00
  -2.1000000e+00
   2.0000000e-01
  -4.0000000e-01
  -4.0000000e-01
  -1.4000000e+00
  -1.9000000e+00
  -8.0000000e-01
   1.1000000e+00
   2.7000000e+00
   5.0000000e+00
   5.3000000e+00
   4.2000000e+00
   3.0000000e+00
   1.1000000e+00
  -5.0000000e-01
  -2.4000000e+00
  -2.0000000e+00
  -7.0000000e-01
   4.0000000e-01
   1.9000000e+00
   3.3000000e+00
   4.8000000e+00
   5.7000000e+00
   6.5000000e+00
   7.4000000e+00
   8.1000000e+00
   9.1000000e+00
   1.2700000e+01
   1.6900000e+01
   1.4400000e+01
   1.0500000e+01
   7.0000000e+00
   3.5000000e+00
   2.0000000e-01
  -3.2000000e+00
  -6.4000000e+00
  -9.5000000e+00
  -9.1000000e+00
  -8.3000000e+00
  -7.3000000e+00
  -5.1000000e+00
  -3.0000000e+00
  -4.0000000e-01
   3.3000000e+00
   5.2000000e+00
   4.4000000e+00
   4.0000000e+00
   3.0000000e+00
   2.0000000e+00
   1.0000000e+00
   1.0000000e-01
  -1.0000000e+00
  -1.4000000e+00
   2.0000000e-01
   1.6000000e+00
   3.0000000e+00
   2.3000000e+00
   1.6000000e+00
   1.6000000e+00
   2.6000000e+00
   3.2000000e+00
   4.5000000e+00
   4.6000000e+00
   2.1000000e+00
  -3.0000000e-01
  -3.0000000e+00
  -6.0000000e+00
  -8.7000000e+00
  -1.1600000e+01
  -1.0700000e+01
  -9.4000000e+00
  -7.8000000e+00
  -6.8000000e+00
  -6.3000000e+00
  -5.7000000e+00
  -5.0000000e+00
  -4.1000000e+00
  -3.3000000e+00
  -2.4000000e+00
  -1.4000000e+00
  -5.0000000e-01
   4.0000000e-01
   1.3000000e+00
   2.1000000e+00
   1.0000000e-01
  -1.8000000e+00
  -4.0000000e+00
  -6.4000000e+00
  -8.7000000e+00
  -1.1000000e+01
  -1.2900000e+01
  -1.5100000e+01
  -1.6500000e+01
  -1.7400000e+01
  -1.8400000e+01
  -1.9400000e+01
  -2.0200000e+01
  -2.1300000e+01
  -1.9800000e+01
  -1.7300000e+01
  -1.3500000e+01
  -6.5000000e+00
  -1.4000000e+00
   2.0000000e+00
   5.5000000e+00
   8.2000000e+00
   8.9000000e+00
   1.0200000e+01
   9.3000000e+00
   8.0000000e+00
   6.1000000e+00
   3.3000000e+00
   3.0000000e-01
  -2.4000000e+00
  -5.7000000e+00
  -4.5000000e+00
  -1.3000000e+00
   1.3000000e+00
   3.3000000e+00
   4.8000000e+00
   5.4000000e+00
   5.8000000e+00
   6.2000000e+00
   6.5000000e+00
   6.9000000e+00
   7.2000000e+00
   7.5000000e+00
   7.7000000e+00
   7.3000000e+00
   6.9000000e+00
   6.4000000e+00
   5.8000000e+00
   5.4000000e+00
   4.8000000e+00
   6.1000000e+00
   7.9000000e+00
   9.6000000e+00
   1.1400000e+01
   1.2600000e+01
   1.3900000e+01
   1.3100000e+01
   1.2300000e+01
   1.1400000e+01
   1.0300000e+01
   8.7000000e+00
   7.2000000e+00
   5.6000000e+00
   4.0000000e+00
   2.4000000e+00
   7.0000000e-01
   4.0000000e-01
   8.0000000e-01
   9.0000000e-01
   2.3000000e+00
   4.2000000e+00
   5.2000000e+00
   6.1000000e+00
   7.2000000e+00
   7.9000000e+00
   8.9000000e+00
   9.5000000e+00
   9.5000000e+00
   9.3000000e+00
   8.9000000e+00
   2.5000000e+00
   0.0000000e+00
  -5.0000000e-01
  -2.0000000e+00
  -2.4000000e+00
  -3.3000000e+00
  -4.8000000e+00
  -6.4000000e+00
  -8.0000000e+00
  -9.7000000e+00
  -1.1400000e+01
  -1.2800000e+01
  -1.0600000e+01
  -8.9000000e+00
  -6.6000000e+00
  -4.3000000e+00
  -1.9000000e+00
  -1.1000000e+00
  -9.0000000e-01
  -5.0000000e-01
  -4.0000000e-01
   5.0000000e-01
   1.4000000e+00
   2.4000000e+00
   3.5000000e+00
   4.3000000e+00
   4.4000000e+00
   3.9000000e+00
   1.3000000e+00
  -8.0000000e-01
  -3.6000000e+00
  -4.7000000e+00
  -5.5000000e+00
  -6.2000000e+00
  -6.8000000e+00
  -7.3000000e+00
  -8.0000000e+00
  -7.5000000e+00
  -6.4000000e+00
  -2.8000000e+00
   5.0000000e-01
   4.6000000e+00
   6.5000000e+00
   6.0000000e+00
   6.0000000e+00
   5.4000000e+00
   4.9000000e+00
   4.4000000e+00
   3.9000000e+00
   2.9000000e+00
   0.0000000e+00
  -2.6000000e+00
  -5.2000000e+00
  -4.2000000e+00
  -3.7000000e+00
  -2.5000000e+00
  -1.5000000e+00
  -2.0000000e-01
   2.0000000e-01
   0.0000000e+00
  -1.0000000e-01
  -4.0000000e-01
  -7.0000000e-01
  -6.0000000e-01
  -1.0000000e-01
   3.0000000e-01
   7.0000000e-01
  -1.0000000e-01
  -7.0000000e-01
  -1.5000000e+00
  -2.4000000e+00
  -2.9000000e+00
  -2.8000000e+00
  -2.8000000e+00
  -2.5000000e+00
  -2.4000000e+00
  -2.1000000e+00
  -2.7000000e+00
  -4.4000000e+00
  -5.8000000e+00
  -7.6000000e+00
  -8.4000000e+00
  -8.2000000e+00
  -8.3000000e+00
  -7.5000000e+00
  -5.0000000e+00
  -2.8000000e+00
  -2.0000000e-01
   1.8000000e+00
   1.8000000e+00
   2.1000000e+00
   2.1000000e+00
   2.1000000e+00
   3.1000000e+00
   4.3000000e+00
   4.9000000e+00
   4.9000000e+00
   4.9000000e+00
   4.8000000e+00
   4.7000000e+00
   5.2000000e+00
   6.7000000e+00
   7.9000000e+00
   9.5000000e+00
   9.7000000e+00
   9.6000000e+00
   9.6000000e+00
   9.3000000e+00
   9.1000000e+00
   8.9000000e+00
   8.7000000e+00
   8.4000000e+00
   8.2000000e+00
   8.0000000e+00
   7.7000000e+00
   6.2000000e+00
   4.7000000e+00
   3.5000000e+00
   3.6000000e+00
   3.4000000e+00
   3.5000000e+00
   3.6000000e+00
   3.2000000e+00
   1.9000000e+00
   1.5000000e+00
   1.4000000e+00
   1.2000000e+00
   1.2000000e+00
   1.1000000e+00
   0.0000000e+00
  -1.0000000e+00
  -2.0000000e+00
  -2.5000000e+00
  -2.9000000e+00
  -3.3000000e+00
  -3.7000000e+00
  -4.8000000e+00
  -6.3000000e+00
  -7.7000000e+00
  -9.2000000e+00
  -1.0700000e+01
  -1.2200000e+01
  -1.3800000e+01
  -1.4300000e+01
  -1.2000000e+01
  -1.0300000e+01
  -7.8000000e+00
  -6.7000000e+00
  -6.3000000e+00
  -5.8000000e+00
  -5.6000000e+00
  -5.3000000e+00
  -5.0000000e+00
  -4.8000000e+00
  -4.5000000e+00
  -4.2000000e+00
  -3.9000000e+00
  -3.1000000e+00
  -2.6000000e+00
  -1.1000000e+00
   1.0000000e+00
   3.1000000e+00
   4.6000000e+00
   4.8000000e+00
   5.4000000e+00
   5.5000000e+00
   6.3000000e+00
   8.4000000e+00
   1.0100000e+01
   8.4000000e+00
   7.1000000e+00
   5.3000000e+00
   3.3000000e+00
   2.8000000e+00
   2.9000000e+00
   2.8000000e+00
   2.7000000e+00
   1.2000000e+00
  -1.0000000e-01
  -1.0000000e+00
  -1.1000000e+00
  -1.6000000e+00
  -1.5000000e+00
  -3.1000000e+00
  -6.8000000e+00
  -9.9000000e+00
  -1.0200000e+01
  -1.0500000e+01
  -1.0600000e+01
  -9.9000000e+00
  -8.9000000e+00
  -7.9000000e+00
  -7.4000000e+00
  -7.2000000e+00
  -6.8000000e+00
  -6.7000000e+00
  -6.3000000e+00
  -4.0000000e+00
  -1.3000000e+00
   1.3000000e+00
   4.3000000e+00
   7.1000000e+00
   9.9000000e+00
   8.6000000e+00
   6.3000000e+00
   4.1000000e+00
   1.3000000e+00
  -1.4000000e+00
  -3.5000000e+00
  -3.7000000e+00
  -4.4000000e+00
  -4.6000000e+00
  -4.9000000e+00
  -5.1000000e+00
  -5.4000000e+00
  -5.6000000e+00
  -5.8000000e+00
  -4.6000000e+00
  -2.9000000e+00
  -1.3000000e+00
   7.0000000e-01
   1.7000000e+00
   1.9000000e+00
   2.5000000e+00
   2.5000000e+00
   3.5000000e+00
   5.0000000e+00
   6.4000000e+00
   8.0000000e+00
   9.4000000e+00
   9.7000000e+00
   1.0200000e+01
   1.0500000e+01
   1.0800000e+01
   1.1000000e+01
   1.0400000e+01
   9.9000000e+00
   9.3000000e+00
   8.6000000e+00
   7.9000000e+00
   7.2000000e+00
   6.3000000e+00
   5.5000000e+00
   4.6000000e+00
   3.8000000e+00
   3.1000000e+00
   2.7000000e+00
   2.1000000e+00
   1.7000000e+00
   1.2000000e+00
   7.0000000e-01
   3.0000000e-01
   8.0000000e-01
   1.3000000e+00
   1.9000000e+00
   2.2000000e+00
   9.0000000e-01
  -3.0000000e-01
  -1.7000000e+00
  -3.1000000e+00
  -4.7000000e+00
  -5.3000000e+00
  -4.8000000e+00
  -4.3000000e+00
  -3.8000000e+00
  -2.5000000e+00
  -9.0000000e-01
   7.0000000e-01
   1.7000000e+00
   2.2000000e+00
   3.5000000e+00
   6.1000000e+00
   8.3000000e+00
   1.1200000e+01
   1.0700000e+01
   8.7000000e+00
   7.1000000e+00
   4.7000000e+00
   2.7000000e+00
   4.0000000e-01
  -1.6000000e+00
  -2.4000000e+00
  -3.3000000e+00
  -4.6000000e+00
  -6.9000000e+00
  -8.4000000e+00
  -8.8000000e+00
  -9.3000000e+00
  -9.5000000e+00
  -9.7000000e+00
  -9.9000000e+00
  -1.0100000e+01
  -1.0200000e+01
  -9.8000000e+00
  -9.5000000e+00
  -9.0000000e+00
  -8.7000000e+00
  -8.9000000e+00
  -9.1000000e+00
  -9.3000000e+00
  -9.6000000e+00
  -9.7000000e+00
  -8.8000000e+00
  -8.1000000e+00
  -7.1000000e+00
  -6.8000000e+00
  -6.8000000e+00
  -6.7000000e+00
  -6.7000000e+00
  -6.6000000e+00
  -6.6000000e+00
  -6.4000000e+00
  -5.6000000e+00
  -5.0000000e+00
  -4.3000000e+00
  -3.4000000e+00
  -2.3000000e+00
  -1.3000000e+00
  -2.0000000e-01
   1.0000000e+00
   1.7000000e+00
   9.0000000e-01
   3.0000000e-01
  -5.0000000e-01
  -1.4000000e+00
  -7.0000000e-01
   6.0000000e-01
   1.6000000e+00
   1.3000000e+00
   1.2000000e+00
   8.0000000e-01
   5.0000000e-01
   0.0000000e+00
   2.0000000e-01
   9.0000000e-01
   1.4000000e+00
   2.1000000e+00
   2.2000000e+00
   1.0000000e+00
   0.0000000e+00
  -1.2000000e+00
  -2.4000000e+00
  -2.4000000e+00
  -1.9000000e+00
  -1.6000000e+00
  -1.8000000e+00
  -2.2000000e+00
  -2.7000000e+00
  -3.0000000e+00
  -2.6000000e+00
  -2.2000000e+00
  -2.2000000e+00
  -3.2000000e+00
  -4.1000000e+00
  -5.1000000e+00
  -4.6000000e+00
  -4.3000000e+00
  -3.8000000e+00
  -3.2000000e+00
  -2.6000000e+00
  -2.0000000e+00
  -1.9000000e+00
  -1.8000000e+00
  -1.5000000e+00
   1.3000000e+00
   4.1000000e+00
   6.7000000e+00
   7.0000000e+00
   7.6000000e+00
   7.8000000e+00
   8.0000000e+00
   8.1000000e+00
   8.4000000e+00
   7.8000000e+00
   6.1000000e+00
   4.8000000e+00
   3.1000000e+00
   2.9000000e+00
   3.0000000e+00
   3.2000000e+00
   3.5000000e+00
   3.7000000e+00
   2.4000000e+00
   7.0000000e-01
  -8.0000000e-01
  -2.8000000e+00
  -3.5000000e+00
  -2.2000000e+00
  -1.3000000e+00
   1.0000000e-01
   3.0000000e-01
   1.0000000e-01
  -1.0000000e-01
  -5.0000000e-01
  -8.0000000e-01
  -1.1000000e+00
  -1.5000000e+00
  -1.2000000e+00
  -8.0000000e-01
  -4.0000000e-01
   1.0000000e-01
   5.0000000e-01
   8.0000000e-01
   8.0000000e-01
   9.0000000e-01
   1.0000000e+00
   2.2000000e+00
   3.3000000e+00
   4.6000000e+00
   5.9000000e+00
   7.2000000e+00
   7.9000000e+00
   6.2000000e+00
   5.0000000e+00
   3.2000000e+00
   1.6000000e+00
  -4.0000000e-01
   0.0000000e+00
   3.0000000e+00
   5.2000000e+00
   8.7000000e+00
   8.2000000e+00
   3.1000000e+00
  -2.0000000e-01
  -6.2000000e+00
  -2.8000000e+00
   5.8000000e+00
   1.3000000e+01
   2.2100000e+01
   1.8500000e+01
   9.4000000e+00
   9.1000000e+00
   7.7000000e+00
   9.0000000e+00
   1.6000000e+00
  -8.4000000e+00
  -2.0000000e+01
  -1.4800000e+01
  -7.0000000e-01
   1.0700000e+01
   9.9000000e+00
   4.8000000e+00
   3.0000000e-01
  -6.9000000e+00
  -1.0700000e+01
  -1.5000000e+00
   6.9000000e+00
   1.3800000e+01
   6.7000000e+00
   2.0000000e+00
   3.5000000e+00
   9.0000000e+00
   8.6000000e+00
   5.2000000e+00
   2.4000000e+00
   1.6000000e+00
   1.3000000e+00
  -1.1000000e+00
  -3.4000000e+00
  -6.7000000e+00
  -5.4000000e+00
  -2.0000000e+00
   1.4000000e+00
   4.8000000e+00
   9.7000000e+00
   5.8000000e+00
  -4.8000000e+00
  -1.1900000e+01
  -9.5000000e+00
  -6.0000000e+00
  -2.4000000e+00
   3.2000000e+00
   3.8000000e+00
   1.4000000e+00
  -1.0000000e-01
  -7.0000000e-01
   6.0000000e-01
   1.0000000e+00
   2.4000000e+00
   1.3000000e+00
   4.0000000e-01
  -8.0000000e-01
  -2.7000000e+00
  -5.5000000e+00
  -8.4000000e+00
  -9.3000000e+00
  -6.1000000e+00
  -3.6000000e+00
  -2.0000000e-01
   3.3000000e+00
   3.7000000e+00
  -1.4000000e+00
  -4.5000000e+00
  -1.0300000e+01
  -7.7000000e+00
  -2.3000000e+00
   3.1000000e+00
   4.1000000e+00
   2.6000000e+00
   1.3000000e+00
   1.5000000e+00
   6.1000000e+00
   7.3000000e+00
   7.4000000e+00
   7.6000000e+00
   7.3000000e+00
   7.1000000e+00
   5.7000000e+00
   3.8000000e+00
   2.1000000e+00
  -2.0000000e-01
  -3.3000000e+00
  -6.4000000e+00
  -6.8000000e+00
  -5.1000000e+00
  -5.4000000e+00
  -5.4000000e+00
  -5.7000000e+00
  -3.3000000e+00
   0.0000000e+00
   3.3000000e+00
   7.0000000e+00
   9.6000000e+00
   8.5000000e+00
   8.0000000e+00
   6.8000000e+00
   7.5000000e+00
   7.7000000e+00
   8.5000000e+00
   6.1000000e+00
   3.7000000e+00
   7.0000000e-01
  -1.0000000e-01
   4.0000000e-01
   5.0000000e-01
  -1.0000000e+00
  -2.9000000e+00
  -4.6000000e+00
  -6.9000000e+00
  -6.5000000e+00
  -4.4000000e+00
  -2.8000000e+00
  -7.0000000e-01
  -2.3000000e+00
  -3.3000000e+00
  -5.1000000e+00
  -6.0000000e+00
  -5.6000000e+00
  -5.4000000e+00
  -5.0000000e+00
  -6.6000000e+00
  -9.1000000e+00
  -1.1400000e+01
  -1.4000000e+01
  -1.3800000e+01
  -1.4000000e+01
  -1.2100000e+01
  -9.6000000e+00
  -7.4000000e+00
  -4.6000000e+00
  -3.4000000e+00
  -4.2000000e+00
  -5.5000000e+00
  -6.3000000e+00
  -8.0000000e+00
  -5.2000000e+00
  -2.6000000e+00
  -1.4000000e+00
   0.0000000e+00
   0.0000000e+00